0.7406151694106223,0.1152679979101012,0.11564729494027097,0.021522150240060614,0.006947387498944929
0.1405550785739149,0.08456197484144255,0.21902732573469325,0.3043467409758018,0.25150887987414755
0.6629670967351083,0.2952612240589776,0.03113736501890043,0.007436802737062953,0.0031975114499507196
0.20401259010238354,0.13532699108932905,0.22745890313229197,0.18832543061952448,0.24487608505647102
0.7713211875307037,0.0941711198849751,0.09947344792077556,0.028302720982814458,0.006731523680731202
0.1210331659961501,0.12298407167936919,0.5612390164263524,0.16556292011600013,0.029180825782128
0.7048377447102208,0.20981171848782623,0.04374643533901172,0.02923334188758769,0.012370759575353668
0.22765735146126415,0.10720197697797393,0.22224540560327208,0.24431187876146693,0.19858338719602286
0.6876548848151379,0.1848530976148886,0.04685663304556933,0.06842387339492181,0.012211511129482164
0.12803030159096054,0.011916293047478646,0.5267332420857208,0.2033745158437419,0.12994564743209813
0.8548810811961555,0.06328555412002719,0.0695241716837389,0.007123838735098298,0.0051853542649800115
0.14594004563559454,0.08155511067720612,0.40321075235754916,0.23235622419657334,0.13693786713307698
0.4347247181927332,0.38369131103117016,0.11579235434412294,0.03968404820645147,0.02610756822552227
0.07591600950914366,0.2190655853266906,0.30873172386147796,0.27216123446252455,0.12412544684016324
0.5491878611394173,0.30091206040510937,0.052286379112797855,0.06957115993884451,0.02804253940383099
0.03965993638061569,0.12645684323142548,0.5888376452996797,0.1139776525128546,0.13106792257542454
0.4333863021735511,0.3879458939183842,0.11364961859461922,0.03961895871095374,0.02539922660249185
0.027410358207758043,0.12635924216758393,0.4970264541830187,0.2334764565268047,0.11572748891483464
0.4539808801879527,0.2645513191129716,0.08612975062716934,0.12004752608353494,0.07529052398837142
0.1567642906952192,0.09386245903399261,0.38087422380735764,0.19673534953011523,0.17176367693331543
0.7066551769227322,0.2089118680062467,0.04317721939295934,0.02610712271173745,0.01514861296632441
0.12196358264748289,0.13004416012243464,0.5255415105166916,0.205642276480169,0.016808470233221896
0.7129855887485843,0.19580906716866697,0.050703362051394134,0.028652226987625557,0.011849755043729034
0.03593493360962593,0.15510440523479946,0.3798419331856952,0.18859702553757787,0.24052170243230162
0.768462828151427,0.09570294420025258,0.09997940141139719,0.02832389976155326,0.007530926475370049
0.3097178641905929,0.05808334353418799,0.3092073084507436,0.1521276050430783,0.1708638787813973
0.7128689209301851,0.20292057618421985,0.04234411448182332,0.02976389728539908,0.012102491118372527
0.09223359609573001,0.0529774922408454,0.5535275391542226,0.15077875916260275,0.15048261334659913
0.7048681971097863,0.21040684590410527,0.04288568415060966,0.028127330578339684,0.013711942257159125
0.054158811863837024,0.1337114384827232,0.49431808899893,0.2182599999410706,0.09955166071343924
0.43992303007468864,0.38004327517952863,0.11700243148369059,0.037523457611631776,0.025507805650460534
0.1831806821949279,0.054784345900880334,0.3892366894576585,0.332692850127038,0.040105432319495454
0.7495700130339713,0.17712632029065048,0.06228142897205208,0.009376832843112042,0.0016454048602141673
0.02498975104226049,0.07604990321824204,0.1412931544618979,0.44945596650657094,0.3082112247710286
0.6805872556324842,0.1902756642873242,0.04821623609103555,0.06906638716457236,0.011854456824583817
0.12191781156361071,0.0924229283328747,0.3399442598306139,0.25134075174882003,0.19437424852408056
0.6646959661879935,0.24372698777954227,0.05816902409936541,0.02896991472488651,0.004438107208212318
0.3421060256578355,0.0895039959719042,0.28817819941763095,0.17943053201825718,0.10078124693437218
0.8289688017686342,0.07676409876856262,0.07389183461213517,0.010696556307473229,0.009678708543194824
0.06494687754107711,0.04849600757689665,0.5376892095137614,0.3216444091965223,0.027223496171742464
0.8295541486255615,0.075290136690954,0.07386530659328881,0.010929060056281489,0.010361348033914197
0.10243908960638073,0.03538266112480542,0.38172792615644646,0.31554585598250195,0.16490446712986553
0.6464171331494936,0.2781939324120388,0.022262545907471804,0.04001561884419305,0.013110769686802705
0.08525985262717553,0.12413259414368981,0.32240344249335817,0.43326651239482017,0.03493759834095617
0.8537735934964065,0.06398314770344357,0.06938960182467442,0.0075380440313030355,0.005315612944172342
0.0852013445850225,0.12573491185208238,0.3590350975369184,0.21113059013666852,0.2188980558893081
0.6645713610213309,0.24418801141564989,0.058538939708992634,0.028414206853103318,0.004287481000923373
0.290717903600508,0.07901338258385696,0.32901984839831827,0.27816441646165735,0.023084448955659434
0.47847785213145566,0.22931505736782137,0.08857290071830086,0.1352301118815703,0.06840407790085189
0.1481239767988162,0.008167957975214354,0.6277948779613128,0.19501719900543113,0.020895988259225454
0.7119032682631519,0.19570225527268087,0.050101276733405906,0.029950723598733523,0.0123424761320278
0.07968588138113111,0.04976516537153863,0.5817967369583332,0.19399233165333934,0.09475988463565747
0.7579752223853624,0.10457779453195108,0.10074699838344833,0.029062516709111096,0.007637467990127086
0.10607430521266269,0.19819160721556084,0.4967262160603766,0.17252387223392246,0.026483999277477424
0.7572678899619163,0.10559109718161581,0.10155501702562769,0.02812557002199062,0.007460425808849618
0.18069236500241645,0.05478809159243552,0.5028981176264794,0.1740576242520073,0.08756380152666131
0.7668182996422489,0.10467350900740637,0.11094215353419712,0.012707296289882054,0.004858741526265575
0.24950953300350745,0.10842224132921724,0.48505380545844984,0.14545453435185066,0.01155988585697489
0.7661261624882112,0.1056193992333671,0.11072340069287316,0.013106995469525913,0.004424042116022652
0.053729642921794885,0.1930035895374368,0.16192638745519608,0.36771554916204,0.22362483092353216
0.7059970684785702,0.20679752788129,0.043436617270465536,0.031050443111637193,0.012718343258037059
0.08700483214803639,0.08643924538409499,0.48174839826516247,0.20619551806139672,0.13861200614130947
0.7062835154540256,0.2076027512522466,0.042404122390468854,0.031920658409718396,0.01178895249354063
0.2031374545009399,0.11309587140770969,0.2657607633413759,0.22657579907847022,0.1914301116715043
0.7586295741940499,0.10401377133858283,0.10124394628154854,0.02921547410671753,0.006897234079101262
0.2457498551526261,0.12692414048527648,0.3501843390325122,0.2582951250025736,0.01884654032701164
0.854808229343369,0.0634839040138534,0.06946718266749802,0.0071722103207717955,0.005068473654507783
0.2207316187121875,0.06664581849177528,0.32635875664752995,0.2177763934063892,0.16848741274211793
0.5772612755794736,0.3062215837333251,0.0738655303096588,0.03126463664456043,0.01138697373298204
0.44486634475162845,0.08375304707252684,0.29232327219742893,0.09553941410964703,0.08351792186876869
0.8303459571453435,0.07594007482374063,0.07382426225903498,0.010417118806835131,0.009472586965045743
0.172659852013693,0.04480306588491982,0.2730249842143401,0.3370434681632329,0.1724686297238143
0.8296798329951229,0.07573997552078186,0.07371391212535414,0.011207363667213612,0.009658915691527523
0.2705384339243285,0.04365267539015742,0.4226831272687361,0.115754830412432,0.1473709330043461
0.6648689191741968,0.24356801164220215,0.0583221575917846,0.028887653886812137,0.0043532577050043346
0.0747569239517738,0.037985830801522104,0.5788798308175004,0.22808322409507975,0.08029419033412402
0.7042856045250258,0.21042214263480383,0.04323205811838066,0.026824171335594976,0.015236023386194725
0.2536512249274054,0.1324075841344786,0.2301417827021093,0.19507851676672194,0.1887208914692848
0.7592019163889702,0.10314503819896673,0.10120579928481341,0.02979268626986828,0.006654559857381497
0.16472418859943905,0.08096861188519093,0.48265312798745963,0.14972126640369124,0.1219328051242192
0.7581238158443214,0.10399278844534281,0.10127272564116249,0.029931606801540084,0.00667906326763307
0.2636665335112628,0.0756850720478973,0.21134605215040236,0.2969583918649614,0.15234395042547608
0.5774687993572032,0.3059296390077709,0.07387440414483229,0.03138159376859488,0.011345563721598477
0.07758434059803451,0.09644858889302313,0.554337115795121,0.23534325993790456,0.03628669477591681
0.6623010305205009,0.2965008845180013,0.030708161641556465,0.007517829916472576,0.002972093403468728
0.15968787556968347,0.14407261438071642,0.5837619731922742,0.0997539602731904,0.012723576584135553
0.4368680478077783,0.3794229246126307,0.11808570432063388,0.03948830500994692,0.026135018249010062
0.08317387662132268,0.05946164380702422,0.2765219673023819,0.31283459140330055,0.26800792086597075
0.7586136980075853,0.10285242232227425,0.10152678081462055,0.028178720438225877,0.008828378417294079
0.05717065675899314,0.06634781715376224,0.5392770510300476,0.21520001745676606,0.12200445760043098
0.770458222842126,0.09462289088660054,0.09960496264958624,0.028580827736276886,0.006733095885410415
0.22085720660889505,0.04761466613928637,0.310092843136203,0.29978766279473723,0.12164762132087831
0.7585026409369087,0.10429660470456038,0.10147643553836641,0.02873962045066263,0.006984698369501815
0.11001886891246367,0.1896211363427736,0.4097958109572382,0.16745115259702653,0.12311303119049799
0.7602719413551867,0.10278669855271273,0.10134751465451355,0.02846127642061226,0.007132569016974635
0.08040423629453136,0.05753993318305654,0.333804740339922,0.3306684251719182,0.1975826650105718
0.7035990398085228,0.21077146679623512,0.04356237843904563,0.02898678840191257,0.013080326554283785
0.47766680512166937,0.10648656073214238,0.26520635637234785,0.0812155043945256,0.0694247733793147
0.7584201401922919,0.13450196509508391,0.09457828107894481,0.008219505469857172,0.004280108163822264
0.10388460770385498,0.1737397143666994,0.3795979633060753,0.22016244513400962,0.12261526948936075
0.6900455270257875,0.26724690779179966,0.031657986136990876,0.007882010492369172,0.0031675685530528816
0.04462106424539918,0.12141379957108996,0.5172655149899507,0.20545753724813234,0.11124208394542782
0.7094774233454867,0.25481112250895527,0.025232875425556443,0.007844502753188504,0.002634075966813012
0.06675703248940731,0.13288567593237252,0.6572798268836791,0.12703909804477892,0.016038366649762194
0.8554653465355385,0.06188848643559082,0.06961073935152425,0.007579317336714163,0.00545611034063238
0.07366862968142757,0.17742163710087375,0.26979275681305603,0.3299599968265324,0.14915697957811047
0.658791732410205,0.3028694143700913,0.026706393323147656,0.006989554036849578,0.004642905859706569
0.25424485837926597,0.06009054928992396,0.294927319891659,0.2090211149082781,0.18171615753087306
0.765685993277265,0.10568212775083681,0.11100232683204433,0.01321831621276101,0.004411235927092656
0.157279415964692,0.1354363999405947,0.46710893706281886,0.22599899069080687,0.014176256341087556
0.7043981657746307,0.21043784653814362,0.0436533227849199,0.02925964919354947,0.012251015708756403
0.055174209623486896,0.1280964841550418,0.5077603596032882,0.21058669194108853,0.09838225467709452
0.8572993859447712,0.06135646683857439,0.0692751282853373,0.007169908228641881,0.004899110702675264
0.13591995795674464,0.14937621614035787,0.30969499229474723,0.2509671566083813,0.154041676999769
0.7052508900887638,0.2036491953162324,0.04731667377572829,0.03181436598536316,0.011968874833912452
0.15102878685857862,0.12785640941983073,0.5319996743081429,0.16985244272842523,0.019262686685022515
0.7577171115441341,0.13616692119060142,0.09337995808965736,0.008383219452602477,0.00435278972300442
0.07203582425700869,0.08600635789669717,0.5772551467012874,0.13270689647652736,0.13199577466847934
0.6681358553595701,0.2760483653923893,0.026447985904979505,0.02220524439597396,0.007162548947087026
0.05108847863723597,0.02920141597700405,0.6526939652025601,0.21263595409661054,0.054380186086589406
0.6683768499930561,0.27524983287151983,0.027257013283344483,0.021892261784675286,0.007224042067404194
0.10480425493552059,0.025333017774891574,0.5237650674060447,0.24168611046464725,0.10441154941889579
0.68045211829878,0.19200578913269709,0.04855508372014266,0.06786424139325284,0.011122767455127306
0.1402596247248207,0.17090514222661157,0.27669672221089636,0.37482350452639807,0.03731500631127332
0.7586551383618559,0.1343645913018039,0.09460305747665038,0.008136078090587757,0.004241134769101877
0.12701808891041158,0.16335151945443507,0.2731961865788838,0.2793210485149608,0.15711315654130883
0.8296932095831001,0.07649249048957807,0.07394665224978096,0.010328743194820338,0.009538904482720573
0.05346395881701491,0.07242065573789098,0.5694049292763157,0.2574102212727673,0.047300234896011144
0.7588916459150559,0.10378826830364045,0.10135152635038717,0.02858585654548114,0.007382702885435537
0.06927355889595509,0.03864531624765324,0.5643532327499183,0.1504623574357729,0.17726553467070041
0.7128974454850039,0.20313887741966108,0.04275460971876407,0.02962400528786574,0.011585062088705193
0.127647965618623,0.05345529897723266,0.533143127106622,0.1692389919478233,0.11651461634969917
0.646371715947297,0.2782622506560881,0.022208153250396732,0.040024485660481626,0.013133394485736605
0.06041391112259061,0.08695790527478717,0.5814205423013113,0.13478527253697,0.13642236876434086
0.7681011759568598,0.10291276146070609,0.11077897390281599,0.013641183559343758,0.0045659051202743455
0.27187384968500766,0.10225239341984903,0.29669735148557475,0.1773669668411784,0.15180943856839016
0.8556100803642426,0.061842691458840825,0.06958234189214521,0.00763368213256165,0.005331204152209678
0.12650833642595002,0.086320660266034,0.3554392262158878,0.32438704824707837,0.10734472884504981
0.7579854885416901,0.13463794945064053,0.09475677149818848,0.008286272924399223,0.004333517585081512
0.3049194291156267,0.03601828319099899,0.17177853549678687,0.3574054525822253,0.12987829961436223
0.7447570023331193,0.11182695633525275,0.1132477474015871,0.021966093792504016,0.008202200137536924
0.1467328672636015,0.07948639493332091,0.413501405851128,0.20174357443818455,0.15853575751376514
0.6633175794705891,0.28013480045026956,0.02655272198428377,0.022376436931216024,0.007618461163641496
0.21581423296385452,0.04773334896915112,0.5176785428223847,0.13976280271319827,0.07901107253141142
0.8276691251005387,0.07806258693025107,0.07400909409090452,0.010890632049122703,0.009368561829183011
0.12625748797891223,0.04045860739240383,0.5475370313125325,0.1765478209757197,0.10919905234043162
0.7566993274302128,0.13620001452820923,0.09488589167388288,0.0078009122299135545,0.004413854137781605
0.16132507854204223,0.23328511618762574,0.3843223392072876,0.18926812341754498,0.03179934264549942
0.6697204853262949,0.20975658269705694,0.054174473792686,0.051029910581142625,0.01531854760281962
0.12755542978176157,0.10889330979439216,0.5455962467938839,0.1312934697679725,0.0866615438619898
0.7075021656591666,0.20839052091324403,0.04302596687497495,0.025766616811640268,0.01531472974097418
0.08962743089361871,0.03146037623073397,0.4200074455152474,0.32113348827519816,0.1377712590852018
0.7581012048639425,0.1355741390044378,0.0934910414470783,0.008468654612276092,0.004364960072265469
0.283763849003578,0.06265286244417233,0.35962172039981705,0.16652011268127848,0.1274414554711542
0.7582225043368425,0.1038851906148009,0.10126481733285876,0.02994557323185178,0.006681914483646026
0.12775735394184184,0.025373687508323545,0.4841803846699827,0.26626823343315503,0.09642034044669687
0.686084175097459,0.18603983052351306,0.04658379817169048,0.06872757302055563,0.012564623186781811
0.05164190979293631,0.08838762782481713,0.24418326391261572,0.3466589299344297,0.2691282685352012
0.6645988644133944,0.2441001761156335,0.058524481517132666,0.02847466024629961,0.004301817707539779
0.13153331578371946,0.055394964117360945,0.30482405969219317,0.31304875869837023,0.19519890170835624
0.7112676223325112,0.2047648902006854,0.04265364565709491,0.029667784690655008,0.011646057119053478
0.4781610035545767,0.12360555855352799,0.22216596316423518,0.11256031322715268,0.06350716150050735
0.7522584614610527,0.1741739017537426,0.06278216445878451,0.009170969869178449,0.0016145024572416713
0.27878295251497237,0.06853852280603319,0.2784450084263715,0.3532575373689465,0.02097597888367641
0.6858606590383854,0.186880237301088,0.04651053248018124,0.06892924494898638,0.011819326231359067
0.14035239567256438,0.08353890514478009,0.3870844552329833,0.3521785679690889,0.03684567598058337
0.7092110988909875,0.2054147900269105,0.042464838392424466,0.030843837356572857,0.0120654353331047
0.23734018655679742,0.10993649358230627,0.32935079806497797,0.15025760721201922,0.17311491458389908
0.7717965186450525,0.09386361412319948,0.09937701958727305,0.028270943565939195,0.006691904078535783
0.20539120359071056,0.08985270692145048,0.40545182777986755,0.1940804966188468,0.10522376508912457
0.6465533530455877,0.27837199569920035,0.022158664057624917,0.03990323941199571,0.013012747785591274
0.19285632973203398,0.14496798099944455,0.32062610565135313,0.23938871208481236,0.10216087153235599
0.7075021656591666,0.20839052091324403,0.04302596687497495,0.025766616811640268,0.01531472974097418
0.08895986255846193,0.08678510287948796,0.31641407547888245,0.3296781099723556,0.17816284911081212
0.7659172943010609,0.10557020523153475,0.11111900068175694,0.012935123306604198,0.004458376479043242
0.15793069653876465,0.10768545760150544,0.6615388074881757,0.06320856918009372,0.009636469191460398
0.7588828093242013,0.13410104735827694,0.09449524785053565,0.008155302245394135,0.0043655932215919445
0.06727375471811925,0.04840460174986339,0.2437670798260364,0.4302475031056835,0.21030706060029744
0.6648276471282671,0.2433360455706015,0.05824577750396967,0.029151554247221503,0.004438975549940174
0.08949899251103387,0.06630888855108631,0.2161581766442608,0.33055539506529774,0.29747854722832134
0.6788888839389637,0.1907524603710404,0.04881812463234831,0.06883047853811435,0.012710052519533277
0.09691083961853866,0.05456836309880253,0.6540142911466863,0.10717920546454103,0.0873273006714316
0.7058306773484221,0.20692253381886275,0.042840147957723854,0.030967732771201014,0.013438908103790313
0.16892858631304425,0.05054740308781951,0.3975878191371045,0.20689994326994338,0.17603624819208852
0.7588730477176022,0.13420358985435546,0.09460839874112298,0.008073170078494436,0.004241793608424784
0.3268320144098392,0.05486978164157396,0.39279030335189946,0.10825244606897028,0.11725545452771714
0.7589143140577596,0.13415860567109583,0.09456175801440722,0.008092855750243329,0.004272466506494104
0.18611163036724956,0.09279616105234298,0.2195301364945428,0.2830630464095309,0.21849902567633375
0.85600291287617,0.06223706976713025,0.06950309776152104,0.007253807456988279,0.005003112138190438
0.06761882477361303,0.20404519989445458,0.33104023859923043,0.33621493501776323,0.06108080171493867
0.7593660739009145,0.13331993182158494,0.09489066557030354,0.007988914611348328,0.004434414095848495
0.08940366528396751,0.0796298757427306,0.47707723768742705,0.21517359384395757,0.1387156274419173
0.855822273479026,0.06192313183803763,0.06977306411130746,0.0074813560450830785,0.005000174526545726
0.10857755100414475,0.05676588049776786,0.09063059419614021,0.4761804212442484,0.26784555305769875
0.741024778117883,0.11481110179565124,0.11471542637027113,0.02148657333864726,0.00796212037754728
0.07704674470380671,0.03950366530034843,0.6165649146211013,0.2023774852617696,0.06450719011297401
0.6650095929165868,0.24344170673209808,0.05878868830335543,0.02834435020555702,0.004415661842402596
0.1729756402679203,0.1074679065241971,0.43726240674717676,0.23882942330212686,0.04346462315857906
0.82701421342469,0.0776378064381025,0.07433353803406209,0.011202715176843795,0.009811726926301537
0.16605386484099852,0.06306545912367072,0.393256997200447,0.28118521611834435,0.09643846271653932
0.711770258968556,0.2044027748381998,0.042481183797273815,0.02965954369857314,0.011686238697397273
0.6782869689816533,0.03968166345353258,0.12984329616800164,0.10296851235923084,0.04921955903758158
0.5731291774009613,0.31046360663785066,0.0727128741866757,0.03279640676062533,0.010897935013887097
0.09307509559041963,0.04533951212026451,0.5615156315287418,0.14765863191113374,0.1524111288494402
0.7044042482834935,0.2110368724346647,0.04294328322286172,0.027877357307520806,0.013738238751459329
0.019427390822103208,0.1686659562425369,0.5609804703124351,0.22571569913023778,0.025210483492686918
0.7574885545671913,0.104798041478084,0.1012347981652114,0.02875830248741288,0.007720303302100346
0.2210579520761278,0.09511820237443736,0.33291120039119265,0.23746012302758251,0.11345252213065964
0.647756350781114,0.2753618859085298,0.021108373116534192,0.040425827708357016,0.015347562485464844
0.30984214238005064,0.03227035004514575,0.2529272225894487,0.2782665688807645,0.12669371610459038
0.44186439419332374,0.37322570096763047,0.12215084402984966,0.036806142423116875,0.02595291838607911
0.5097920765194613,0.12690420983570078,0.21701805171739103,0.08345314896628796,0.06283251296115873
0.8559630048613235,0.06227610971286781,0.06951102414706742,0.007229455129233581,0.005020406149507639
0.08801658040456711,0.14853959689470267,0.5408650185730152,0.12673913401440579,0.09583967011330921
0.7061236027549328,0.20937788874633848,0.04331654710524888,0.026252345218518276,0.014929616174961623
0.22335780573680328,0.07946083215972581,0.4308621305773595,0.1668644050073507,0.09945482651876064
0.647377163623935,0.27583874610791914,0.021174517681661894,0.04045423124951832,0.015155341336965469
0.0747256342636746,0.033208414532945714,0.4150673323484768,0.31173348280190494,0.16526513605299809
0.7128218576914155,0.2027104994426274,0.04296536528462243,0.029727061717083062,0.01177521586425174
0.1359892903203168,0.14908322481157146,0.26636972648370716,0.3079190200247547,0.14063873835964996
0.7061441128562346,0.20976100342326273,0.04356759913517284,0.026376151954457583,0.014151132630872289
0.07766719758013813,0.09628539489271956,0.30592125511201046,0.3513401050175638,0.16878604739756803
0.7597930327657904,0.10322154139219271,0.1013100796234455,0.028457528141631223,0.007217818076939998
0.13027101545844152,0.12269833805566498,0.40557933217189795,0.20410132934578476,0.1373499849682108
0.7095377983564506,0.25477364313691486,0.02514337910931045,0.007922473503087783,0.0026227058942364743
0.11696555885315149,0.09643810736651624,0.27026272977729954,0.33584153979292586,0.18049206421010672
0.7192165801899189,0.13286562199201327,0.05434477824233816,0.05926509485563142,0.03430792472009831
0.17081801169133143,0.054451482811566615,0.3562145433117698,0.2495969749093305,0.16891898727600171
0.7420489066773679,0.1854335613200537,0.06184751811331347,0.00905523853249931,0.0016147753567655678
0.25690810057924396,0.07006477178850354,0.31356856273873723,0.255513218376772,0.10394534651674332
0.7126232582394431,0.20307026100096734,0.0424143804653125,0.029676372845579925,0.012215727448697224
0.027693121181193325,0.1402081886006748,0.5112894699476095,0.26432167196333073,0.05648754830719161
0.7078531155203922,0.20617071935613046,0.04246604037433691,0.03143450245454973,0.01207562229459082
0.07290497418290463,0.09795340592461069,0.263277168627841,0.35914582974022896,0.20671862152441478
0.4404797151073776,0.38219469602828005,0.11478995803570258,0.03710038117037633,0.025435249658263256
0.07688046743683531,0.050624052189097116,0.4547375609705272,0.266468506451804,0.15128941295173648
0.7408625340750998,0.11473767100716048,0.11471249621217058,0.021730053844124245,0.007957244861444848
0.2532331190028977,0.09057952794319277,0.3908450113360781,0.15644134964301398,0.1089009920748175
0.7537978579237279,0.17256046088300245,0.0628866328889921,0.008991530431476625,0.0017635178728008672
0.14543187231019195,0.10639398035552823,0.4845456523801258,0.21541033380804644,0.048218161146107656
0.6891967832024601,0.1838354642787431,0.04718796669452085,0.06820418957251163,0.01157559625176437
0.0328694959177418,0.05319754956041369,0.639803576079597,0.16000964815207933,0.11411973029016824
0.7032941867828746,0.211224877167364,0.043600507282652703,0.02927100896770734,0.012609419799401476
0.16569823006711146,0.05706784222750949,0.5756346118719905,0.10223856678563271,0.09936074904775591
0.7048377447102208,0.20981171848782623,0.04374643533901172,0.02923334188758769,0.012370759575353668
0.12557991434217722,0.07656655652005526,0.5446006647815,0.11382465243284014,0.13942821192342733
0.5767218502935682,0.3068085658134676,0.07390432355427574,0.03094918870995381,0.011616071628734697
0.058339159233387276,0.06363601690847766,0.5657728255456649,0.16629956043548458,0.14595243787698559
0.8548030159506229,0.06347820963038366,0.06946215826093473,0.0071419887680901,0.0051146273899686095
0.18526845996019523,0.043538039509669994,0.3833791957363614,0.2766634896242212,0.11115081516955189
0.5728410265942231,0.3130748645154951,0.07072447252750542,0.031019124290871412,0.012340512071904997
0.17885903256435748,0.06948847131443665,0.500856292576048,0.15664354177478612,0.0941526617703718
0.7668731522815505,0.10426247584259975,0.10990113021264543,0.013885025207661446,0.005078216455542956
0.24268521367682988,0.0800012621560109,0.38433785917313923,0.18383051552295912,0.10914514947106072
0.8276816206623121,0.07784238496199884,0.0740227628163323,0.010826262965860877,0.009626968593495858
0.11142969476479474,0.03576790305540387,0.6103005860824572,0.14304838386701751,0.0994534322303267
0.8585410974821165,0.057874706518716,0.07056929875790798,0.007642922198021075,0.005371975043238454
0.21177322810317004,0.048100273270592304,0.5202093306808144,0.1463629938452789,0.07355417410014439
0.6647966658352258,0.2433689762270841,0.05825807206744146,0.029155626108612755,0.004420659761636011
0.06324217829734913,0.024075862377338383,0.6382776640783282,0.21429434004846995,0.06010995519851435
0.7036832436840651,0.2117235951072909,0.042948738734485556,0.02762367919371278,0.014020743280445608
0.13911015140588054,0.21352238360725195,0.26665757066106177,0.2250374776775156,0.15567241664829015
0.6627206799790933,0.24522710362206143,0.058147044065192784,0.029336146310574417,0.004569026023077953
0.0858649876022281,0.336813087663948,0.29239087214231707,0.16687875626495902,0.11805229632654786
0.6463379993740664,0.27828510097680964,0.022191307546476666,0.040023324310865506,0.01316226779178163
0.40707235880156595,0.02790443569195467,0.2380750636362295,0.14777596022771228,0.17917218164253762
0.7589052974126298,0.13413296197242713,0.0944383784342703,0.00818332427258515,0.004340037908087418
0.11962382745592262,0.050271716812371844,0.5289773454516039,0.17952393431967745,0.1216031759604242
0.6604166929892273,0.24690502330046094,0.05853220430367172,0.029412375292147193,0.004733704114492686
0.1803369915730148,0.09219209592917163,0.4013415940988225,0.15663676862972326,0.16949254976926778
0.6987211859950218,0.261234096089786,0.02978697392042633,0.006999379614043111,0.0032583643807228666
0.05563310990936862,0.11749504513391751,0.29943920162072,0.29183014648528616,0.23560249685070767
0.44832573546538035,0.367119847001392,0.12062525458748707,0.03643540428851009,0.027493758657230475
0.28561016188966,0.04825354040595196,0.20642963417827045,0.35867517301231994,0.10103149051379777
0.8290910295281105,0.07606833985481318,0.07384746583225683,0.010798286151604462,0.01019487863321498
0.15806158189037112,0.06633805825418798,0.3700241242722652,0.23064241058176133,0.1749338250014143
0.7124561709572134,0.20384186389086995,0.042303738145634213,0.02957785771682435,0.011820369289458038
0.2938379069894917,0.060442903691940365,0.45346448889584756,0.11220988745014285,0.08004481297257764
0.7459166852360612,0.1815020912189952,0.061652848204652756,0.009133292969871611,0.0017950823704191315
0.13302367397915146,0.06172463350049329,0.3747742905589043,0.18124350528933852,0.24923389667211251
0.4320740151484549,0.38781572351832844,0.11362149497516823,0.039623512518108875,0.026865253839939724
0.14999820921960821,0.0289887546232421,0.3164221384915595,0.2325426604035555,0.2720482372620346
0.7036090757030234,0.2106463916198963,0.043029866465930385,0.02856740750550005,0.014147258705649961
0.2822544491191701,0.040965608726095684,0.24426343809588114,0.1839442377704912,0.2485722662883618
0.6453418698527367,0.2778321753418225,0.022733901220997024,0.040339791561412985,0.013752262023030884
0.12791398315361918,0.1097851789796474,0.5167966331268041,0.1582769109010842,0.08722729383884519
0.7659781748590178,0.10549183666817703,0.11115191743598103,0.012781862887318774,0.0045962081495054385
0.09444221499022037,0.045249619178740846,0.2521021215757833,0.3541210500772163,0.2540849941780392
0.6825122357914438,0.1895610679976346,0.04784575398121644,0.06877622316917663,0.011304719060528493
0.20589202523500946,0.044163734906031926,0.3152859664280944,0.261320518523622,0.17333775490724213
0.8272279759628226,0.0774823291665439,0.07432327239599001,0.011290487751641152,0.009675934723002294
0.03312989947997818,0.21850275978824785,0.22379032424435863,0.31616419198170564,0.20841282450570978
0.668920952107053,0.28700432521087915,0.03271993804371793,0.007607112654935348,0.0037476719834147075
0.2180696414459972,0.0937673155820815,0.3081877578313311,0.24414724929021403,0.13582803585037617
0.8290663013527945,0.07585922637033565,0.0734431559152372,0.011046776066251941,0.0105845402953808
0.10981782488988985,0.09455674348128859,0.27277240908922007,0.3528278739474615,0.17002514859214005
0.8579137947115015,0.0581385476834255,0.07048207218620342,0.007896803599867656,0.005568781819001786
0.31060033376838225,0.014558675153070176,0.24342770888304344,0.22985734491344773,0.20155593728205656
0.7600004194799161,0.1031133912966748,0.10133543864231262,0.028530716364841464,0.007020034216254947
0.08552100123475397,0.14333647306165456,0.46910346715369183,0.26630425537941316,0.03573480317048639
0.768607928517552,0.0954581562727422,0.09983995256138392,0.029212223875117422,0.006881738773204575
0.06680864909837339,0.07667090254545339,0.22677669101723613,0.34979249030687126,0.27995126703206596
0.7672057315827986,0.10400912186989512,0.10991288556449638,0.014027016653030588,0.0048452443297792094
0.06478788097697272,0.05030160373022048,0.33283032109586075,0.3065461446940913,0.24553404950285468
0.7127407746797912,0.2023957697681688,0.04311160278080924,0.029897399934998944,0.01185445283623172
0.1382586320182175,0.14993368565410425,0.3092625090242483,0.2506761057671255,0.15186906753630436
0.7593793818118948,0.1332858777349548,0.09490076965928484,0.007992573681183413,0.004441397112682206
0.16339882934502062,0.099097644070248,0.34151996685630087,0.2514967002586975,0.14448685946973291
0.7659735316807211,0.10564523499065481,0.11097606844989095,0.01302866820589482,0.004376496672838217
0.061537931522527775,0.03906849699211422,0.5274581708837284,0.26056288060126503,0.11137252000036457
0.6476409001761768,0.2756429816961529,0.021147634046866034,0.040342458084060805,0.015226025996743478
0.28370019167040844,0.032589434336681974,0.246766138342769,0.2734403929603459,0.1635038426897947
0.7044042482834935,0.2110368724346647,0.04294328322286172,0.027877357307520806,0.013738238751459329
0.4233705916591158,0.0490415566658841,0.1593347712216789,0.24998733443823756,0.11826574601508376
0.8277128745659457,0.07706531060158385,0.07423379301565623,0.011255608407193907,0.009732413409620099
0.21009749066757846,0.06310850569027793,0.24299641972277689,0.26485311829347696,0.21894446562588968
0.6631318390663402,0.2449431741505958,0.0581641203265936,0.029252509893746285,0.004508356562724144
0.052596037367087026,0.0565606893719587,0.2033151362453618,0.4667078317973443,0.22082030521824816
0.6806493137887364,0.190033911923242,0.0481817034578243,0.06902900402692343,0.012106066803273958
0.17750248922366454,0.11050988505350894,0.23032222554925758,0.3062976836417235,0.17536771653184544
0.6473638045658752,0.2758458573404035,0.021175574086720998,0.04045822328571609,0.015156540721284273
0.03973771086059496,0.12306950325957511,0.46888706270487807,0.2953960220468935,0.0729097011280583
0.7572331547275514,0.13559922511612912,0.0948311838405353,0.007877619102204643,0.004458817213579403
0.007537754351888625,0.05565332389075137,0.7194351593561475,0.10972463625972474,0.10764912614148768
0.5729423237719387,0.31227308269085857,0.07152650339845844,0.03191130572815918,0.011346784410585103
0.2666840880468667,0.1407129452142593,0.19883720515774966,0.24259922368346132,0.1511665378976629
0.703202148365493,0.21088733090094194,0.043526001256843076,0.02895218046152382,0.013432339015198254
0.019650083994192383,0.028787941547667735,0.41013478388843005,0.29788910018044745,0.24353809038926233
0.8551869192145549,0.06297938209279916,0.0696226077942894,0.007122385240058081,0.005088705658298449
0.035705364261707166,0.03871511879618039,0.11441866587024771,0.6152993821976939,0.19586146887417086
0.7680560634487467,0.10383875197618274,0.11093177607631924,0.012847750599757334,0.004325657898994173
0.41221878695981673,0.03632733733962282,0.15735649665174292,0.1999956285230746,0.1941017505257429
0.6798966784499018,0.19077766613324812,0.04821218225299103,0.06887168922128731,0.01224178394257185
0.1412012106989311,0.12304900622606951,0.4231280003606535,0.19009494978510055,0.12252683292924522
0.6712232440167468,0.28494410300946765,0.032894646523902706,0.007810666711044121,0.0031273397388388575
0.09282209733764264,0.07780787300877429,0.6277881855333672,0.12168894718719027,0.07989289693302552
0.7048567617801785,0.21013744808299575,0.043622275620898966,0.029028812644668407,0.012354701871258474
0.08972625052301714,0.032220428078477324,0.6549288205864043,0.09522267758287928,0.12790182322922192
0.7598745011584902,0.10260986334512606,0.1011295042244147,0.029629851589663792,0.006756279682305083
0.05686096119496565,0.0617426708935328,0.5621127742156953,0.20907614435890254,0.11020744933690385
0.6482019096419026,0.27550992563337856,0.022828309788381282,0.03979750471067859,0.01366235022565898
0.21545261143939215,0.07934117248403438,0.25233002907054985,0.29820949018962617,0.1546666968163975
0.707316067007015,0.20844629288193453,0.04387516256328239,0.026426665649802058,0.013935811897966065
0.08377299248721543,0.14435822712828567,0.3811472448133666,0.24042913829629617,0.15029239727483612
0.7413130151333711,0.18594942134718656,0.062248320996260716,0.008815231915086642,0.0016740106080948933
0.06263835085594162,0.17607181229910712,0.38237917737381744,0.3080390452206652,0.07087161425046856
0.6669259323482003,0.29142951144512785,0.028977076126800547,0.008039022391028739,0.0046284576888427145
0.215726730014829,0.05185114554397756,0.3070901298024396,0.2735899117366519,0.1517420829021019
0.7094887031627591,0.2547303037122084,0.025059290491550028,0.008072913537560476,0.0026487890959221013
0.20567039536920498,0.08662134296078047,0.44081191097732286,0.16119136493964492,0.10570498575304689
0.6606276481186951,0.29848711915572623,0.028761078734761584,0.007276186406428748,0.004847967584388384
0.28175505534764417,0.1096274016690428,0.26073343832295204,0.15213198481178677,0.19575211984857416
0.678579349318026,0.19181850483223778,0.04812983185380498,0.06932954524185371,0.012142768754077486
0.24959564729834943,0.07883216411521092,0.4078996768600748,0.14869587779309168,0.11497663393327327
0.6476140065801945,0.27610548902638377,0.022990399412246863,0.03965288503995803,0.013637219941216732
0.03882177480288378,0.08315961997872187,0.5708328643157264,0.2791696948006878,0.028016046101980045
0.6502550911302886,0.2741344164825604,0.021926429208972923,0.03964586879594494,0.014038194382233105
0.10579232368223383,0.09009856052246527,0.48257435099754653,0.20113005070236328,0.12040471409539114
0.7638537153488981,0.09826863850062884,0.10104504948098904,0.029329337529380512,0.007503259140103499
0.1766674798656653,0.12765994837902567,0.26236623185613855,0.2224356021979832,0.21087073770118736
0.8293330838787024,0.07593497629379485,0.07382146923768836,0.01076766977739843,0.010142800812415685
0.12661889143216115,0.13699459661792973,0.35408504427736187,0.319089795172828,0.06321167249971932
0.6850822200838134,0.1871304922062655,0.04650344592638683,0.06890884155922382,0.012375000224310274
0.0248047168712163,0.06928039343883548,0.6187755745833369,0.16911308618221302,0.11802622892439839
0.7561481416226231,0.13829033950127448,0.09338958719322743,0.007766412183458432,0.004405519499416502
0.09327036155118708,0.06563997305292721,0.7001294290377804,0.1268507590729546,0.014109477285150556
0.6800582433022547,0.19063050672677861,0.04818705767018914,0.0689814220605612,0.012142770240216238
0.11785737377019918,0.05919315632784682,0.4933178044505954,0.19666133754263884,0.13297032790871974
0.7053957191604614,0.21001415927043485,0.043495018776337234,0.026270433424456837,0.014824669368309753
0.2876934278740015,0.11786769084166583,0.20830826818551515,0.2255361406432737,0.16059447245554384
0.4419423373610113,0.3724021256574398,0.12255836422106942,0.037056517499340996,0.026040655261138544
0.16019728590179994,0.11662457391498447,0.390232811266599,0.19985608979207542,0.1330892391245411
0.7592830912511037,0.10322426006753947,0.10116330326796702,0.029037362099509044,0.00729198331388075
0.03484810975811261,0.09921866429371504,0.673750940446769,0.18309519349355377,0.009087092007849793
0.7026765427324718,0.21107633700214246,0.0434551877264774,0.029129501459868045,0.01366243107904032
0.13879077163180698,0.1167006228532019,0.6137354894361305,0.11621950950069758,0.014553606578163117
0.5743626380098414,0.3170436207866292,0.06894760336927196,0.030205964204074343,0.00944017363018302
0.14211398086901386,0.08125997001945033,0.48907516463570977,0.15469016977115355,0.13286071470467248
0.8569097021392361,0.06155731253138539,0.06937302897606855,0.007296313775029057,0.004863642578280929
0.08047464643769849,0.09414215455401537,0.2776339625984123,0.323301262921469,0.22444797348840506
0.7539470983879988,0.13751933809398878,0.09623223068377633,0.007944380015058476,0.004356952819177638
0.0651357534465637,0.09898161150752859,0.2029344770952982,0.44594602636967645,0.18700213158093298
0.7661463225978857,0.10531758971453842,0.11110782050927015,0.012976763236697789,0.004451503941607893
0.10536786115982258,0.06329836386719832,0.47845627316319095,0.22042116285074717,0.13245633895904083
0.8294031754523469,0.07652464488932967,0.07396527623714097,0.010387728575695948,0.009719174845486558
0.26662153992073584,0.15186960312391512,0.2853968131769086,0.2780779445502601,0.01803409922818029
0.7410969726581931,0.11469200538772942,0.11456348600812201,0.02171943873733576,0.007928097208619748
0.14716826359054044,0.23837411235130357,0.19936794952414633,0.22481469064671694,0.19027498388729272
0.6681931056411547,0.2758969398069365,0.026920899833576366,0.021704795617451547,0.007284259100880928
0.08227438167891271,0.2552935495160331,0.30538519847138684,0.28780912733025976,0.06923774300340754
0.5133972851778577,0.26052586337573114,0.12510519091700634,0.06976496427798758,0.03120669625141727
0.11139800964259358,0.10819861030361813,0.571886758034467,0.17734599460555636,0.03117062741376509
0.7406395987283674,0.11653939404991759,0.11289963415636838,0.021389168711498575,0.008532204353848076
0.13421636017046062,0.20449829059536645,0.2777766548977348,0.23289767739988282,0.1506110169365552
0.7671058582862976,0.1033173299331498,0.11021300683051573,0.014035453409453067,0.0053283515405837525
0.05702921289458036,0.283958368968991,0.4077397875231389,0.13512260307819363,0.1161500275350961
0.742225480340618,0.18534596011923113,0.0618415452070705,0.008996236080303546,0.0015907782527769183
0.06376836049838433,0.04866014644711311,0.603501056875013,0.19576762194537506,0.08830281423411447
0.740555562583718,0.1168744014762435,0.11286925004416827,0.02128533406575832,0.008415451830111968
0.4254302863518769,0.17413829372313708,0.0710391525429003,0.16486022146898888,0.16453204591309672
0.6665397805336963,0.24180489548676024,0.0595605848802058,0.027991346919029398,0.0041033921803083845
0.10604160286515835,0.15053006626878046,0.42738334470741757,0.27862226822860564,0.037422717930037964
