0.41389610638681507,0.06956816102683243,0.2040773373819551,0.1702084081123084,0.1422499870920889
0.41272497945258263,0.06946101338287244,0.2088505854650114,0.17117189286140147,0.13779152883813203
0.41396398777334464,0.07061539042067673,0.21527400165471536,0.1714221658262727,0.1287244543249905
0.41261819587445353,0.07305299504848581,0.21867949590253133,0.1688485568817128,0.12680075629281662
0.41048327867327516,0.07467639209618153,0.21771156441093775,0.16605554710710366,0.1310732177125019
0.4103615500074213,0.07412480142459126,0.21819159378243677,0.16698194447295497,0.13034011031259576
0.4111003123944382,0.0746557411008701,0.21777029978675871,0.1663550633553028,0.13011858336263007
0.41420242120436934,0.0769107825842495,0.21510589148573728,0.16521975564564834,0.12856114907999547
0.41372239637339925,0.07641429708740766,0.21603612228412875,0.16519958382648725,0.12862760042857713
0.4120954445749332,0.07460972705090951,0.2204333308244226,0.1649046877062849,0.12795680984344993
0.4125443114166252,0.0751841797808842,0.2188179944808504,0.16493643269419797,0.1285170816274423
0.41278671215732493,0.07765301195339619,0.21138072572666478,0.16502257698529088,0.13315697317732322
0.41267702268022743,0.07849508151242625,0.20932634904770117,0.16493320301066866,0.1345683437489765
0.4117124410533472,0.07713111282700563,0.21100394381044654,0.1656440391680286,0.13450846314117193
0.4125090787246514,0.07795002868713671,0.21064278109765236,0.16509325829003615,0.13380485320052335
0.41060067665973227,0.07981320041960085,0.20983726311004186,0.16562126704640148,0.13412759276422365
0.4101158605083709,0.07987597928539611,0.20978701976446104,0.16594663252175884,0.13427450792001322
0.41612248998458407,0.07965546982941323,0.20926783262986712,0.15935307206816274,0.13560113548797284
0.41809656067941414,0.07972426917838638,0.20869073755620085,0.15641978351387986,0.13706864907211883
0.41948289934860294,0.07988773623222449,0.20827906267749877,0.15469793258187864,0.13765236915979515
0.4273102609056545,0.08145917891009166,0.20524844769396294,0.1485114312142003,0.1374706812760907
0.42945892407281666,0.0822344683129487,0.20347057069921484,0.14879479831494455,0.13604123860007522
0.4259485907555449,0.08053006511521918,0.2077900900989254,0.14329675904439856,0.1424344949859119
0.4200035529944739,0.07803636455112017,0.21497753901259223,0.13197825358081874,0.15500428986099485
0.41558035144083827,0.07626190839342464,0.2227528567023164,0.12237766205201554,0.1630272214114051
0.41114965074145565,0.07473860760855884,0.23430249693632052,0.11506077142623372,0.16474847328743145
0.4037240680684531,0.07351181716713831,0.24670358569712206,0.11686613402774043,0.15919439503954608
0.39963141815217307,0.07308669435264432,0.25158800494498323,0.12168549832694171,0.15400838422325766
0.3961000948530176,0.07274338007920052,0.255114809587394,0.12770024754646583,0.1483414679339221
0.38753950837210643,0.07184369792468678,0.25804289188282414,0.1390732771721914,0.1435006246481913
0.3860719961900553,0.07166720724801984,0.2580786649460365,0.14042604606144493,0.14375608555444364
0.38863676652994933,0.07214592236190727,0.2578894673355795,0.13919470315737606,0.14213314061518773
0.3878237046287543,0.07174312783118272,0.25830036610815155,0.13749990844117746,0.14463289299073379
0.38293004010517434,0.07057860124121994,0.2574229087692783,0.12945576586799518,0.15961268401633222
0.3740418103347562,0.07024713164534596,0.25532872290987485,0.12495256478917438,0.1754297703208487
0.3709394868657327,0.07173956416745668,0.2571142720283307,0.12514714296884116,0.17505953396963878
0.3738139046735148,0.07490803139078762,0.2631384239091622,0.12606671871621836,0.16207292131031714
0.3778547867555833,0.0801207150838231,0.2718349622743228,0.1259686243685237,0.14422091151774702
0.37710227882253067,0.08379449768434144,0.27562071824957024,0.12382887232337016,0.1396536329201876
0.3765381373432783,0.08567762445902272,0.2768353345121814,0.1212800147467156,0.13966888893880203
0.37727092149238234,0.08797106845964514,0.27804315611183095,0.11788169723330143,0.13883315670284016
0.3784256049907843,0.08971268825318438,0.2783097329035335,0.11591040700482837,0.13764156684766957
0.3792584292210313,0.09128209328720954,0.2769317822974979,0.11478211397586421,0.13774558121839703
0.37962705223592746,0.09219003097579608,0.2746627657299634,0.11452188842688675,0.13899826263142645
0.3780000699461975,0.09145511023918361,0.2761470783621525,0.11496679454043647,0.13943094691202987
0.3775789557917562,0.09134535774794171,0.27623280126848476,0.11509659348969419,0.13974629170212313
0.39067454046464467,0.09430672608258427,0.27326746871368524,0.1102931919789793,0.13145807276010651
0.39834104590861324,0.0958417412177089,0.2677470886709122,0.10578393277857501,0.13228619142419062
0.3986557369485126,0.09587634728547766,0.26721344061413493,0.10543251790836418,0.1328219572435106
0.3978274866544617,0.09586104965591989,0.26867652520128626,0.10634428261004185,0.13129065587829034
0.39996742189018136,0.0959154232619293,0.26633665976397836,0.10535960154897508,0.13242089353493583
0.40604934975816565,0.09616278394179827,0.26209874341002787,0.10599811928781395,0.12969100360219427
0.4171603645898961,0.09631695706156593,0.25431804276385905,0.11336901407081272,0.1188356215138661
0.42528969329056016,0.09474754336214655,0.23994200137720637,0.13198548641941218,0.1080352755506747
0.4250614467163662,0.09327831261248211,0.2328465171795336,0.14061994576581024,0.10819377772580789
0.42471454590918284,0.09400475959162834,0.23553695610913125,0.13815908687241427,0.1075846515176433
0.4185427461306765,0.09522232146941668,0.2385992966134939,0.13902223805494618,0.10861339773146678
0.4119256967615767,0.09586485449883837,0.2388417741683985,0.14376799991230574,0.1095996746588806
0.41453955584735963,0.09540769614739744,0.2388364131733217,0.14092011004512206,0.11029622478679929
0.4107003225727949,0.09663229658050498,0.23889524804436424,0.14545432104550995,0.10831781175682588
0.3960566972230638,0.10024665761432394,0.2366258144479273,0.1539879429121113,0.11308288780257361
0.3926558344824206,0.10108213635551135,0.23586136013641798,0.15453749158765936,0.11586317743799082
0.39594568583169215,0.09859088533011828,0.23603337697169446,0.15565760817230487,0.11377244369419028
0.39616612293462294,0.10055499365243582,0.23682053490471405,0.15492269961269015,0.11153564889553705
0.39688359618634417,0.10459293319669316,0.23816947268452873,0.15559908542731518,0.10475491250511873
0.3965478774793874,0.1052937538766747,0.23807053178595664,0.1561451570099975,0.10394267984798376
0.3970838554097178,0.10497248566252912,0.23840709757010325,0.155749712179809,0.10378684917784088
0.3988947521763152,0.10426882417343415,0.23977189607847454,0.15501345634082977,0.10205107123094626
0.3976669092561201,0.10493305202282445,0.23860712058104497,0.1551186925067802,0.10367422563323034
0.39527557165644717,0.10883882831110042,0.23475868262417265,0.1532494103449341,0.10787750706334563
0.3959805275011699,0.11714382886337463,0.23113506737055595,0.14777587797726413,0.10796469828763539
0.399129776107548,0.12869210811647433,0.22886254816121127,0.1410917349555951,0.10222383265917132
0.4016831949189498,0.13656570683322228,0.22801639533655296,0.1376942266861308,0.09604047622514421
0.40130758771742314,0.13590861766424292,0.22804628088058038,0.13798203192191616,0.09675548181583751
0.3959559288235005,0.12992877113178142,0.2285787058439395,0.14199813014492,0.10353846405585851
0.39073097720616157,0.12480099241367111,0.23082321686193058,0.14764244200680773,0.10600237151142904
0.387964934280013,0.12163631091638508,0.23508626050395479,0.15319064698899063,0.10212184731065647
0.3860160225397229,0.11932975346451324,0.2414632811860356,0.15862867770950817,0.09456226510022012
0.38344417998724795,0.1177758686133139,0.24683209173062917,0.16156040575432556,0.09038745391448333
0.3827947911809023,0.11754268159216497,0.24763511764854362,0.1616288704118396,0.0903985391665496
0.3844450381458161,0.11794547019778893,0.2456074758694584,0.16274417426612547,0.08925784152081101
0.38546701668873956,0.11796693831752447,0.24340615598881543,0.16506097310962897,0.08809891589529148
0.38560045760040274,0.11782134315981833,0.24264817441148517,0.16613093724666927,0.08779908758162437
0.3844813821472855,0.11880209266201085,0.24471019502301228,0.16199072486198848,0.09001560530570288
0.37797344603334854,0.12083590268054141,0.2447485906688986,0.1584110400856327,0.09803102053157864
0.3713299715896897,0.12294160716962838,0.24275637715343798,0.1603687093959855,0.10260333469125854
0.3675758130348632,0.12556515511281,0.2412317231110053,0.16457934001392355,0.10104796872739814
0.36144759763836626,0.13233651062304783,0.23798759924404222,0.17602055558919275,0.09220773690535085
0.3484332424615867,0.14151821009629154,0.23048788460277736,0.19266826636677595,0.08689239647256854
0.3407904373225478,0.14576744346061404,0.22600216077401594,0.1988503580748557,0.08858960036796644
0.3404937731426713,0.1460175008515603,0.2258189382783998,0.19899720553797678,0.08867258218939193
0.33778916899796685,0.14998352827266784,0.2241411037326229,0.19904358155452972,0.0890426174422128
0.3342325597864752,0.15595886177044238,0.22235694512332382,0.19755078164876924,0.08990085167098934
0.3332182954965235,0.1578385661587659,0.2220315419442528,0.19690370168453067,0.09000789471592698
0.3322755223674202,0.15995321361850778,0.22199159772368302,0.19622483160072335,0.08955483468966578
0.32874172538814384,0.16602152396231457,0.22232811331359797,0.19484807420570505,0.08806056313023859
0.32680405496396314,0.16809214359127445,0.22246803849947341,0.194501283765329,0.08813447917995992
0.3294275988051035,0.165911417518853,0.22220344482350576,0.19503912812098814,0.08741841073154952
0.3287801703242332,0.16636925043168405,0.22230188669248593,0.1948848900269516,0.08766380252464513
0.32091526272142357,0.1706909335621519,0.22366477684462957,0.19411136849124885,0.09061765838054604
0.3147909713645766,0.17369008210767783,0.22514661299588543,0.19496432531430924,0.09140800821755098
0.31659314182623655,0.17259142699145008,0.22436745557426607,0.19427558807637482,0.0921723875316726
0.3150370644791677,0.173622165542806,0.22518697200882137,0.1950550512057211,0.09109874676348374
0.3062020020935913,0.17715307354217902,0.22769268459805178,0.19845937720754453,0.0904928625586333
0.2994950686700997,0.17863621006833427,0.22836535566546776,0.20021438984991163,0.09328897574618664
0.29931249107622826,0.17868449132341055,0.2283863097045222,0.2002507249982562,0.09336598289758267
0.29836884776720485,0.1791908978360975,0.22868535006269883,0.20039953281607664,0.09335537151792223
0.2952115270373515,0.18195809476902844,0.23037868093011454,0.20051702506910055,0.09193467219440497
0.2933377162972577,0.18364852442477803,0.23122835916048706,0.2001454371999072,0.09163996291756997
0.2899713450334307,0.18597699557514755,0.23189791879337762,0.19908940128172684,0.09306433931631741
0.27518507552024535,0.19202685831727145,0.23147686256904937,0.19772005381150803,0.1035911497819258
0.252634827297894,0.19719014469216914,0.22878446456624485,0.20467084793528895,0.11671971550840311
0.23927542445382893,0.20040833430793525,0.2280786486284341,0.2146114836285211,0.11762610898128074
0.2309744501437553,0.20361044614771484,0.22916840031667363,0.22391900869602113,0.11232769469583509
0.22454854068044683,0.20652974784572187,0.23092616827549048,0.23095092358347805,0.10704461961486282
0.22619940249824483,0.20575736367862657,0.2303239631796688,0.22995353824533105,0.10776573239812862
0.2307053272196707,0.20313581781953213,0.2278575809146953,0.2306504894989609,0.10765078454714111
0.23175431657100654,0.20247177028792673,0.22711238342515094,0.2316068556373788,0.10705467407853694
0.23140294655259147,0.20263907647659357,0.2273595321429423,0.23120467219049434,0.10739377263737845
0.22914537307934368,0.2032077292882411,0.2287849740677011,0.2293111696520374,0.10955075391267662
0.22597682086766396,0.20341363648838745,0.23069538088922475,0.22840659366723304,0.11150756808749078
0.22475860185548105,0.2033771879553594,0.23156920345967344,0.22873050513197607,0.11156450159750998
0.22019668673190543,0.202694830330959,0.23524841627190268,0.23185206492904906,0.11000800173618384
0.2126156580120718,0.19995397264361253,0.24026421905628909,0.23776040839590093,0.10940574189212575
0.21026681574637787,0.19875369308076685,0.2417646079586469,0.23942869676370282,0.10978618645050561
0.21026681574637787,0.19875369308076685,0.2417646079586469,0.23942869676370285,0.10978618645050561
0.20758260112018007,0.19656278406085312,0.24492428719645692,0.24103480583260525,0.10989552178990464
0.2022937225153047,0.190698103544114,0.24826117237350132,0.24493053743379323,0.11381646413328683
0.19757418002973812,0.1842346033668526,0.24888901983390874,0.25068645400331685,0.1186157427661838
0.19526073196269808,0.17981748891932312,0.24882029773386277,0.2565775672842329,0.11952391409988318
0.1943279855082273,0.17558782194390793,0.2488139245435069,0.2640840254863071,0.11718624251805075
0.19467853877493144,0.17192258273125832,0.24856778682686037,0.27017078403721256,0.11466030762973715
0.1958235360028959,0.16859896108800287,0.24780758332835925,0.2730899353522921,0.11467998422844995
0.1984386723232568,0.16389649201667883,0.246055017035508,0.2729352609095901,0.11867455771496628
0.20410247998664288,0.15669184118884855,0.24300905095708028,0.268862047034251,0.1273345808331773
0.21499170361745298,0.14527473393684656,0.23840653990797883,0.26327944316129975,0.13804757937642173
0.22494803562157734,0.13715544081273115,0.2361981375294047,0.2629819366720761,0.13871644936421082
0.23349090765527325,0.13242157801414106,0.23623930176750974,0.26477359051321164,0.13307462204986428
0.25041297615433034,0.12229768279995924,0.2360770173794729,0.26838245643035635,0.12282986723588112
0.26124271852112324,0.11248556878804512,0.2337750711209865,0.2679776446481355,0.12451899692170973
0.26505895378925626,0.10993855590153656,0.23369550829173563,0.26608848205681396,0.12521849996065754
0.27141117845925333,0.10811541033370493,0.2352774527662301,0.26195014177395387,0.12324581666685785
0.28859336675259706,0.10535061426848571,0.24073926648696173,0.24873025240009455,0.11658650009186088
0.3045634101352045,0.10314588568233408,0.24522974888447588,0.2345593516542648,0.11250160364372082
0.31275837761909897,0.10217578490776766,0.24690674288386655,0.22751633199481408,0.11064276259445259
0.31435447151269114,0.10202771244214162,0.24707583029331037,0.22638414584673688,0.11015783990511988
0.3092222528184714,0.10252941426665345,0.24736643335881503,0.22949755034737152,0.1113843492086887
0.3106949105965769,0.10228377329515513,0.2468076479037885,0.22861867237404965,0.11159499583042985
0.31797564438060516,0.10014656401093366,0.2399871613345924,0.22502403978847504,0.11686659048539373
0.32358807523663313,0.0987444121870417,0.23387210793924243,0.22503082142019037,0.1187645832168924
0.32837321314176066,0.098445581256149,0.2306857988182952,0.22669713844005748,0.1157982683437376
0.3387610891325991,0.09866156633847728,0.22545039620777133,0.23082463502892964,0.1063023132922228
0.35586273311655386,0.09871580898382983,0.21186237554620138,0.23616933028055448,0.09738975207286045
0.36089779669124433,0.09823543122781152,0.20356712106108418,0.23570926655260266,0.10159038446725736
0.35525692381919344,0.09841462580942639,0.2114815617995293,0.23879553350848323,0.09605135506336761
0.352061762789882,0.09813811493951426,0.2135375064628229,0.24019058703384918,0.09607202877393178
0.357512557026634,0.09886684992219948,0.21156691420702023,0.2383783094716784,0.09367536937246802
0.36489250313920946,0.0999083237843037,0.20902475786179392,0.23575103379269677,0.09042338142199624
0.3765272915446973,0.10128091254094049,0.20248115454382445,0.22949398086027115,0.09021666051026667
0.37914392693111965,0.10148575633352741,0.20013322122760044,0.2274320611606606,0.09180503434709181
0.3745766546759996,0.1010460632100854,0.20297184717655245,0.23022521516566014,0.09118021977170247
0.36360155786346016,0.09967749785038543,0.20539301114621475,0.23444968816759887,0.09687824497234077
0.33838572866160793,0.09685075493800589,0.20686794911315476,0.24484162423096129,0.11305394305627002
0.31342930110239425,0.09562156117243033,0.20851936993979608,0.26125864207725885,0.12117112570812048
0.3019977397694166,0.0966496904876539,0.2110131250514131,0.2732318963708526,0.11710754832066382
0.2930717920530931,0.09903693142028319,0.21404113662930888,0.28318450382395877,0.11066563607335603
0.2790301666340373,0.10291187552715773,0.21583796087838084,0.28949250333894894,0.11272749362147527
0.265943074480386,0.10658235376814243,0.21522966690052028,0.2890054034148629,0.1232395014360883
0.2603396350060213,0.10983527170093402,0.21552334675476903,0.28820601085940273,0.12609573567887283
0.2564271492099949,0.11666177749702433,0.2179435314571752,0.2892717567771909,0.11969578505861474
0.251112008315573,0.12754305059217982,0.22041041846983156,0.2922869823891546,0.10864754023326086
0.2456335925763041,0.13336103936432964,0.21911187874232368,0.2918443790845848,0.11004911023245775
0.24712620325745982,0.1315450761208806,0.2198701839474774,0.2932495916061542,0.108208945068028
0.2472408836325012,0.12834225013322853,0.22019237701590938,0.2966577979906314,0.10756669122772931
0.24942456311171265,0.1351241810428063,0.22042074709686726,0.2886373340034958,0.10639317474511797
0.2512401300517337,0.143715481767606,0.21901573897927715,0.2764768706086492,0.10955177859273404
0.25128266677381433,0.14400011742296934,0.21890945682016036,0.27606678164330206,0.10974097733975388
0.24997511957702107,0.1413827763586494,0.2195842590351231,0.2784399747262044,0.1106178703030022
0.2511108689877456,0.14293701200675493,0.21912155922306573,0.2781053664969436,0.10872519328549012
0.2509714055388556,0.14274398799143492,0.21931234784454826,0.2779656266561481,0.10900663196901302
0.2492361747069262,0.14122828026993836,0.2244158968653488,0.2741555671135731,0.11096408104421367
0.24825910127463072,0.14149910110704234,0.229082405956291,0.27178922116881843,0.1093701704932176
0.24826239159427332,0.14193510627044545,0.2304261089782062,0.2712155404745445,0.10816085268253049
0.24792770180012025,0.14428469435637467,0.23523679377935794,0.26765979513630334,0.1048910149278438
0.24470290341833853,0.14691137522578085,0.2389305666531571,0.26051325421176175,0.1089419004909617
0.24452651759015998,0.1470306866559636,0.23901966917303052,0.26016501405974757,0.10925811252109832
0.24466364852557104,0.1467710446921905,0.23885302727167784,0.26058263646689267,0.10912964304366785
0.24325989169390919,0.15251274301654386,0.2420440607896533,0.25645826223105567,0.10572504226883804
0.2402096543720468,0.15868740485109042,0.24378494754353774,0.2561611425325938,0.1011568507007311
0.23975741866868894,0.1592203862427708,0.24373531208124646,0.2564591601899277,0.1008277228173661
0.24060531167590776,0.15842193360315449,0.24407528171871118,0.2556682287322851,0.10122924426994138
0.23893489222059658,0.1595951168354404,0.2430793861247837,0.2572460709352709,0.10114453388390843
0.23733425871412867,0.16045299865522034,0.24197554356478274,0.25859251996257826,0.10164467910328988
0.2395903415260499,0.15901205505583346,0.24353897086908252,0.25684556504177647,0.10101306750725773
0.2422540597373068,0.15578613076170672,0.24509456845257982,0.2550364474017461,0.10182879364666063
0.23997214891913807,0.15975242448684093,0.24430919445848845,0.2553986978453063,0.10056753429022632
0.23109087615028984,0.1686708885719719,0.2417761830465802,0.25320422888839106,0.10525782334276702
0.22279141583927284,0.17393401495492158,0.24026796392101107,0.2507518387406537,0.11225476654414092
0.2149526145666437,0.1794215484924143,0.24137929939279162,0.24864676095846716,0.11559977658968328
0.20608981601844495,0.186744402366747,0.2464792822741033,0.24703594653638375,0.11365055280432093
0.20332008361814344,0.18995684897962492,0.24995845288391302,0.24609222826606877,0.11067238625224987
0.2041776444243429,0.18702353622349996,0.24630829813525182,0.24794111972118302,0.11454940149572225
0.20426462379167287,0.18535262976562528,0.24421331129356771,0.24975318469451455,0.11641625045461952
0.20433893099428885,0.1850169994863556,0.24381669262054348,0.25037391962641536,0.11645345727239663
0.20553682925946912,0.18349479050692905,0.2424907061709099,0.2548758649682278,0.11360180909446427
0.20695402668601592,0.18264590172535028,0.2425588244783766,0.2575415709088213,0.1102996762014359
0.2065705394758033,0.1826988393438923,0.24222776468365104,0.25764040332319493,0.11086245317345837
0.20360747130286067,0.18183601941341085,0.23818667757834686,0.262946535755274,0.1134232959501075
0.20094744460611563,0.18046528869706588,0.23375173877260563,0.2699876189919783,0.11484790893223445
0.20080058559922442,0.18037770676715198,0.23342439383978777,0.27056838223382335,0.11482893156001261
0.2000850213780173,0.17990477264620985,0.23065623389784934,0.27553503737486906,0.1138189347030544
0.19849781256943116,0.17836911492498742,0.2218378499003423,0.28784879741720465,0.11344642518803441
0.19688683281627667,0.17627824580841467,0.21329547088220335,0.2957987460850607,0.11774070440804477
0.19630143846314457,0.17493716175854326,0.20817898124900477,0.29948760167414956,0.12109481685515792
0.19652000994440005,0.17399183306820484,0.20466821918901562,0.3022100924979615,0.12260984530041785
0.19682999773388685,0.17326473157963443,0.20317896530084742,0.3035907011486379,0.12313560423699337
0.19682071081972602,0.1725126127841973,0.20270347675352182,0.3039505786845706,0.12401262095798435
0.19582013674623613,0.17001368143187587,0.20258938103866178,0.30385750007536494,0.12771930070786136
0.19327627610997608,0.1656047054914124,0.20431401337681146,0.3043709519361627,0.13243405308563738
0.19237897258720954,0.16386172222324538,0.20677535947230455,0.3055819123439725,0.13140203337326817
0.1923957010647944,0.16408043948541462,0.20579044949462957,0.3052110424676026,0.1325223674875588
0.1920976694503686,0.16280080601101965,0.21225578045902102,0.30585165029250305,0.12699409378708765
0.18662948387917544,0.15617404573992988,0.22528803045123116,0.30069350163427316,0.1312149382953905
0.18498527828831163,0.15449611897543283,0.22746537834178557,0.2987654008084106,0.13428782358605926
0.18978629887862972,0.15960265865073553,0.2141706098027274,0.30770433876836234,0.12873609389954493
0.18997970438115727,0.16047324192390033,0.19919894976211158,0.3136040435965982,0.13674406033623274
0.1898879452591668,0.16044071598000575,0.19758041460734369,0.31419773850015414,0.1378931856533296
0.1894962401162198,0.1600937454831542,0.20095523738402873,0.3121521433360243,0.1373026336805729
0.18862551640824002,0.1594294776579243,0.20259996822787246,0.31045161918628156,0.1388934185196817
0.18734694609075336,0.1585346696027895,0.2038861080471373,0.30906033254490306,0.14117194371441683
0.1865413032654538,0.15807044257482875,0.204668857944181,0.30901567374979716,0.1417037224657392
0.18675022123156018,0.1581379925163516,0.20442758235229413,0.30865661515366044,0.14202758874613372
0.18589468068867113,0.1580129838632076,0.20484990171977668,0.31114457653563515,0.14009785719270937
0.18342054427825621,0.15740151257041474,0.2035595068599746,0.31661535869361984,0.1390030775977346
0.18242274156085514,0.1571259972359772,0.20248897961763102,0.3183759918308509,0.13958628975468573
0.18524834028357595,0.15736749638965977,0.20703662549134486,0.31237899341055303,0.13796854442486647
0.18755559752039072,0.15574509988144697,0.21397678434208148,0.30341964223980405,0.13930287601627667
0.18736736509699067,0.15623816439800775,0.21274368247077904,0.3046496613715105,0.13900112666271197
0.18653281495540375,0.15814054222991417,0.20744152003439317,0.30734693285569825,0.14053818992459063
0.18561693310523814,0.15982134559619124,0.2023760648755658,0.3081619401134534,0.14402371630955146
0.1829339358268299,0.16506587421884933,0.1881669574268424,0.30810480959906267,0.15572842292841577
0.17898973748687833,0.17371675221473906,0.16910032605268663,0.3079210729342375,0.17027211131145834
0.17610818244007856,0.1827004762406869,0.15543968026608138,0.3095566014003555,0.1761950596527976
0.17535349902641706,0.188473405866293,0.15055754238475036,0.31143839732598344,0.17417715539655612
0.17467466796475195,0.19805278830800893,0.14634866233359034,0.3146029838670352,0.1663208975266135
0.16931425046473017,0.21407727257751488,0.14183936724254925,0.3180648900601695,0.1567042196550361
0.1614337026197055,0.220495732538777,0.1412988982779898,0.31659447807735364,0.16017718848617402
0.16175135623505338,0.22029524228209033,0.14115862034659893,0.3167906368724934,0.160004144263764
0.16223371957146132,0.2196981676092254,0.14048462225407463,0.317429837252944,0.1601536533122948
0.1614721382659024,0.2210981118245616,0.14247232341847993,0.3156391674545103,0.15931825903654576
0.16272210293332157,0.2184017474887116,0.13795022106300756,0.31981587066843187,0.1611100578465274
0.16361394381133296,0.21653624738954003,0.13435678787640018,0.3230859327173083,0.1624070882054185
0.16254311938120264,0.21756931473244037,0.1373831626998901,0.3205342810344825,0.16197012215198434
0.16197975977025614,0.21764312107995928,0.138388244569176,0.3198671498983432,0.1621217246822654
0.16506067827547988,0.21821184401962035,0.1341540567351954,0.3210628510422853,0.16151056992741886
0.16884134346501337,0.21924999960410382,0.12938166408307417,0.3198068568574407,0.162720135990368
0.166802198950872,0.21839482736218008,0.1315876670434753,0.3216977747767268,0.16151753186674575
0.16317524106243136,0.21609305742512958,0.13455703040661232,0.32596284798039715,0.1602118231254295
0.16626404095679048,0.2183281578360776,0.13226015413574232,0.3218666827088033,0.1612809643625862
0.16982279174609105,0.22072629556999399,0.12919524489467774,0.31690910121012306,0.16334656657911406
0.16919821170805946,0.2202508386043015,0.1296463982347471,0.3173045118387582,0.16360003961413383
0.16535335457936376,0.21602977575941532,0.13068202241631072,0.3160056850764191,0.17192916216849116
0.163658539055956,0.21362515576598692,0.13098884218289683,0.31513770895504606,0.1765897540401142
0.16351818975289653,0.21305478134600186,0.13132402781380884,0.31541537239977324,0.17668762868751953
0.16451796180341552,0.2123066866022465,0.1324208017787435,0.31787653133515914,0.17287801848043527
0.16492973824717225,0.209865860256245,0.13224887288304296,0.3194084561762164,0.1735470724373234
0.16484953904311883,0.2091143514278344,0.13191121134824008,0.31932064299897167,0.17480425518183498
0.16484545094719769,0.2084281275547472,0.13145246403059815,0.3192532119788105,0.1760207454886465
0.16602796806052697,0.2024476503121427,0.12688866466240933,0.3235261164667129,0.18110960049820804
0.16798188375197215,0.19460913230831844,0.12165836025105062,0.3369030295128739,0.1788475941757849
0.16915099901223382,0.19124877085047032,0.11946356392941679,0.34472843338663917,0.17540823282124007
0.1700853922025251,0.1894075491948312,0.11800619113639665,0.3488783465273427,0.17362252093890426
0.17135541682188593,0.18714255343449082,0.11584076106096115,0.35170721621371986,0.17395405246894236
0.1727628225028257,0.18538411308976668,0.11376678547014657,0.3520096169777656,0.17607666195949534
0.1727628225028257,0.18538411308976668,0.11376678547014658,0.3520096169777656,0.17607666195949534
0.17430929848555793,0.18541905684222523,0.11288623084527231,0.3513281901453139,0.1760572236816308
0.18079104432710225,0.18536713484157505,0.10872472988951329,0.3478038695780696,0.17731322136374003
0.18155870377790095,0.18520006022202465,0.10801958565523825,0.3473583192766087,0.17786333106822755
0.1789082377453683,0.18558359120069262,0.11059514546192091,0.34759732080292866,0.17731570478908948
0.18034614340692887,0.18550394226788366,0.10923434988011789,0.34834804791040835,0.17656751653466116
0.1811781292720177,0.1853835483954795,0.10834984186949616,0.34917191712561463,0.17591656333739208
0.17707391591445196,0.18575392571692118,0.11268715038554149,0.345647176430175,0.17883783155291041
0.17156911741203362,0.18517239012113726,0.11776500570498487,0.3450527563657094,0.18044073039613487
0.16954681510753922,0.18488623667909776,0.11966737719226905,0.34694008495917633,0.17895948606191767
0.16603005968737866,0.18426296975638495,0.12276323815371151,0.3536142825584655,0.17332944984405924
0.15989036275986745,0.1816014233596702,0.12575059155919724,0.3641960050634547,0.1685616172578104
0.15944187117124664,0.18135525830009738,0.1258437799566611,0.36480182774545067,0.16855726282654418
0.1608690849058691,0.18169320066389535,0.12578341600187773,0.3626212956311219,0.169033002797236
0.16073455963625066,0.18218258627274397,0.1254061996828347,0.36273702980814365,0.1689396246000269
0.16071959767512867,0.18300240530902537,0.12275653156159458,0.35916640454277177,0.17435506091147965
0.16093422958843998,0.18316467547217838,0.11994920401711072,0.3558527793660076,0.1800991115562633
0.1616690547571199,0.18362544472385253,0.11840628268044358,0.3550536759665227,0.18124554187206138
0.16301196867243478,0.1844689885827031,0.11679296122737569,0.35515002779068455,0.1805760537268019
0.16660254822756984,0.18558728258226861,0.11107805210340088,0.3548580495204741,0.18187406756628646
0.16803625115508883,0.18501763957244902,0.10736344398359039,0.35344322931393457,0.1861394359749373
0.1653308888205539,0.18477992210392377,0.11110245194867285,0.3549764158372857,0.18381032128956368
0.16253013973663036,0.18354982842342463,0.11297567049492492,0.355268204390838,0.1856761569541821
0.1629980679454033,0.18373095076298004,0.1126754825315862,0.3552303818657152,0.18536511689431515
0.16238870714594128,0.18380834440485336,0.11345635616593444,0.3555004940214299,0.18484609826184098
0.1610787204660671,0.18681217120374227,0.11893397387838586,0.35682631051525415,0.1763488239365505
0.16037888577865328,0.1929373906338256,0.12781631945449362,0.3536194260178407,0.1652479781151868
0.16018898079131577,0.19580279584313506,0.13146656820862057,0.3483213516816861,0.16422030347524247
0.15982255165754564,0.19219376810384095,0.12823988930309874,0.357183745677037,0.16256004525847778
0.15771652464672778,0.18442374862020094,0.12390107707957879,0.37408183316945165,0.1598768164840408
0.15705688679614968,0.18232972390626068,0.12322287451820584,0.37798588195974664,0.15940463281963707
0.1579742243162678,0.18734357937071078,0.12339216028867923,0.36926817113576743,0.16202186488857465
0.15686484983753887,0.19043494698080415,0.1211468805396003,0.3654788510330324,0.16607447160902444
0.1555068907352192,0.19097321280728788,0.11901158172591178,0.3680746965384558,0.16643361819312533
0.1563884632066812,0.19072351787746233,0.12071825347017404,0.36352733157079165,0.16864243387489083
0.15790404201494315,0.18942362624837542,0.12558769315047735,0.3483457750041533,0.17873886358205085
0.15740329156517593,0.18970814104553424,0.12380263533001398,0.3523825556671057,0.17670337639217
0.15509971675031115,0.18903456825416637,0.11806405838765315,0.35774369595441396,0.18005796065345542
0.15476469381735608,0.188901464203969,0.11717974198730685,0.3576470871425725,0.18150701284879553
0.15463782925840724,0.1882709006304272,0.11860888929214748,0.3590157922406627,0.17946658857835535
0.15401725935297736,0.18737166576791767,0.11893587356550778,0.35985723320362645,0.1798179681099708
0.15620955600021405,0.1900722303260472,0.1184121578538484,0.35678771235046236,0.178518343469428
0.1570035222390444,0.19011203836008694,0.1166440166110734,0.35107838012226367,0.1851620426675316
0.154511930542316,0.18542686985089152,0.1145949861065215,0.35026552259222077,0.19520069090805015
0.1520045761719898,0.18056733385603946,0.1137421998290646,0.35603268361488644,0.19765320652801976
0.14927339820776844,0.1740367715246441,0.11445138275584787,0.3720800138161045,0.19015843369563504
0.14791755459560418,0.16968720087298905,0.11605932997523397,0.3844328300628985,0.18190308449327433
0.1477306151205453,0.16865837397732705,0.1166283040227838,0.38649573187629155,0.18048697500305227
0.14769702269638948,0.16609928490395212,0.11846672577586585,0.3865541236925051,0.18118284293128756
0.14841616621910955,0.16386026884288712,0.12095205201784824,0.3803784520376187,0.18639306088253635
0.1503058293487159,0.1627735466839762,0.12410304890130536,0.37081625293790477,0.19200132212809767
0.15615614927888116,0.16167429228325553,0.13241846408020191,0.34792750300305786,0.20182359135460348
0.16224915371109203,0.15794825400736898,0.1432995887678322,0.32303920756592724,0.21346379594777948
0.16423493280801993,0.1518348087443499,0.15080047191684884,0.3146922125209813,0.21843757400980005
0.16415934738044544,0.14599247960077238,0.15548395343933769,0.3216979021859165,0.21266631739352804
0.163827005276571,0.1420558154975548,0.15835654459872517,0.33511130145209367,0.2006493331750554
0.16381002617795065,0.14067952089443272,0.1594208372944283,0.3424315172023301,0.19365809843085813
0.16376575197353807,0.140849994505471,0.15928306616286278,0.3413594397122204,0.1947417476459078
0.16336503288715185,0.1411727382298294,0.15904997056737183,0.33988793978427595,0.19652431853137092
0.1628130824274334,0.14111418374931498,0.1591257171359566,0.34165853558984616,0.19528848109744884
0.16251268548563674,0.1409357877275804,0.15924076961374042,0.3434618183745747,0.1938489387984677
0.16234840862943348,0.14077580418351132,0.15931012373297931,0.34454282736098063,0.19302283609309517
0.16293700343305859,0.141648742627176,0.1589870247149063,0.3404221537924674,0.19600507543239173
0.16331680390170894,0.1433056061600284,0.15826541957335005,0.33545434532839175,0.19965782503652102
0.16333081589690182,0.14312116527823432,0.15831819086991977,0.33554646994378795,0.19968335801115605
0.16350549071890325,0.1412891178298878,0.15844063547192186,0.3335002929127435,0.20326446306654358
0.16399084828957988,0.14016395689109928,0.1586698594267163,0.33145941405607904,0.2057159213365255
0.16393350073325713,0.1401883117638588,0.15863600405208045,0.33153137017475665,0.20571081327604704
0.16500360478569004,0.1401602009580721,0.15929216831476234,0.33088392008747297,0.20466010585400243
0.17527400689404055,0.13951584189206515,0.16548131142371497,0.3236978197565318,0.19603102003364758
0.18446134332935837,0.13631099880650843,0.17086225900869356,0.3126277943816042,0.1957376044738353
0.18800876126245783,0.1347713350221261,0.17298045901688525,0.3078893742375784,0.19635007046095232
0.18835111924748646,0.134709051609534,0.17319067440652858,0.30759001286306187,0.19615914187338915
0.18029227969244374,0.13492455132362766,0.16856488313274384,0.3127200715692942,0.20349821428189058
0.16691961289861595,0.13531312310814586,0.16249873758390285,0.3223006033403602,0.21296792306897516
0.15744609487473546,0.13723806354718834,0.16046124023792757,0.33193274257647654,0.2129218587636721
0.1495025721725852,0.14129986321566632,0.16166932546836432,0.34156647328557166,0.20596176585781237
0.1417886693611567,0.14661504504340428,0.1650217522317189,0.3472022227894182,0.19937231057430196
0.13442392354975244,0.15116000497693863,0.16849550182479006,0.3460813036786159,0.19983926596990292
0.13144787247508258,0.15279882730736996,0.16988742139781923,0.3438811528364622,0.2019847259832661
0.13473760272219665,0.1506287766034502,0.16795510780917475,0.34675554888046006,0.1999229639847184
0.1378937232270422,0.14796432680083127,0.1655843477971767,0.34857651058491695,0.1999810915900328
0.1335868392488604,0.1511214225065292,0.16840716661462155,0.3483310735269222,0.19855349810306666
0.12214753731403613,0.1556110864882279,0.17281599453041815,0.3515264482137449,0.197898933453573
0.11558966798945962,0.15697192302621324,0.17461899154361782,0.3544468010844693,0.19837261635623993
0.11348916230062951,0.15745934703622927,0.17540850030513486,0.35538361260382595,0.19825937775418048
0.11048200366966983,0.15843449075906796,0.17711414098300315,0.3555223111278723,0.1984470534603867
0.1088473299331717,0.15908323693485948,0.1783605021594535,0.3543121036603536,0.19939682731216177
0.10736925882816084,0.1598535717905636,0.17992278834711387,0.3521821436469625,0.20067223738719922
0.10312147522303824,0.16257476841045262,0.1860610266867137,0.3461706017588567,0.20207212792093882
0.09710748803862793,0.16526352509975917,0.19518598435542103,0.3442674269208834,0.19817557558530838
0.09296172077057659,0.16495043722069608,0.19950482687839932,0.3482994945344255,0.19428352059590254
0.09481790036349179,0.16595087485490537,0.1986599777268266,0.3452746090472466,0.1952966380075296
0.09791618186328976,0.16853930605239623,0.19856840985042964,0.3398113037833687,0.19516479845051568
0.09815115030886744,0.16879038176330796,0.19862076003330478,0.3394068739813567,0.19503083391316306
0.10060518693226964,0.17184444922734668,0.1990505373134381,0.3347324144679553,0.19376741205899017
0.10261468309407229,0.1747287224415823,0.19805448811186532,0.32974530901683646,0.19485679733564373
0.10280809439776252,0.17523902156405244,0.197806611888875,0.3296146656628749,0.19453160648643514
0.10227612590480485,0.17319606269627577,0.19727649996653424,0.3279911216222063,0.19926018981017873
0.1018779381335007,0.1714081086808561,0.1964319577199835,0.3270598683825556,0.20322212708310408
0.10193515291695945,0.17189630451056376,0.1966374096430184,0.3269286721040416,0.20260246082541675
0.10191918744924654,0.1673476671982516,0.1952374962933585,0.3326400474575536,0.20285560160158975
0.10143020799224427,0.15276546437177319,0.19024411023609078,0.3526510070340777,0.20290921036581397
0.09993059257560524,0.1337351037216002,0.18294984830845676,0.3723947032054279,0.21098975218890995
0.09987896186196381,0.12101984331295185,0.17963695705318894,0.38422639523383423,0.21523784253806122
0.10164385796402664,0.11562597536860773,0.18076632669648382,0.3910159278922735,0.21094791207860839
0.10633040463041653,0.11139705095165957,0.18603215408683532,0.3981503873694386,0.19809000296164989
0.11245949655406196,0.10808597782392855,0.19277182380961924,0.39929822224010436,0.18738447957228582
0.11307062623668254,0.10776129378386347,0.19330448008792475,0.39849263886820857,0.18737096102332068
0.11066966550704845,0.10885654063232984,0.19190569194284085,0.4040139542383903,0.1845541476793905
0.10956018047499637,0.10911662468789989,0.1914674259022614,0.40634825231467236,0.18350751662017006
0.11118405669920449,0.10908881206962837,0.19190440700995712,0.40404069443893353,0.1837820297822764
0.11570502517023115,0.10963074494319562,0.19233047939068365,0.3997539449204456,0.1825798055754441
0.1171385935717538,0.10994093258475121,0.19215287361391978,0.3986514699358607,0.18211613029371462
0.11283595970527825,0.10854408555364735,0.1933488924633988,0.4016087433923177,0.1836623188853579
0.10930414675437526,0.10705378889881828,0.19474869711225604,0.40386125996871836,0.1850321072658321
0.10238688904152592,0.10370373708018105,0.19881287251040283,0.40827225077368184,0.1868242505942083
0.08421009981668308,0.09417627183707757,0.21438867367216058,0.4190975206099105,0.18812743406416824
0.07190939459434553,0.08765483315189705,0.23075531332649857,0.4249188436914389,0.18476161523581994
0.06780829904869455,0.08566730892045715,0.23971163405235013,0.42549477137162023,0.18131798660687798
0.05841090376226249,0.0812541288722898,0.26643951028953916,0.4172418155353883,0.17665364154052038
0.049120470120503336,0.07626467307325328,0.29253037704735285,0.3964114203608833,0.18567305939800718
0.044483749100851996,0.0735656506056459,0.30560726844236696,0.3830670510374349,0.1932762808137003
0.04015031969349639,0.0710994554255342,0.3194096964282596,0.3732872401852355,0.1960532882674744
0.037598028569412405,0.0696437278007876,0.3276349627332352,0.37177471922868205,0.19334856166788272
0.03753743496173705,0.06960409737757324,0.3277679850994966,0.3718320205531332,0.19325846200805977
0.03959467420829747,0.0712021485643495,0.32653779249058723,0.3688662488461404,0.19379913589062545
0.04541010359316882,0.07600899101849114,0.3289475243528718,0.3603641617568793,0.18926921927858906
0.052292631452715094,0.08140582520440755,0.33339964455561255,0.34936019905463117,0.18354169973263373
0.05279711882121547,0.08178647212944537,0.33388430419977777,0.348487952804362,0.18304415204519936
0.04829548815779822,0.07813580870585671,0.3255138749127197,0.35586529184835014,0.19218953637527522
0.04722088294913015,0.07722063680379246,0.32277471995538093,0.3576823961934611,0.19510136409823547
