0.019932519615502266,0.1938241982615241,0.4237861524099964,0.29059360289238384,0.07186352682059345
0.019476229961771813,0.19494897863434346,0.4250562439991702,0.2893574861542921,0.07116106125042242
0.018882644543205773,0.1952741131602335,0.42477446018245113,0.28912886879388733,0.07193991332022223
0.019101881339355437,0.19541230004016577,0.4252513117258581,0.28874847561022937,0.07148603128439128
0.021138461160631485,0.19649448150050203,0.4276488757698815,0.28283776927190657,0.0718804122970784
0.023183329002220393,0.19671997834025975,0.42690780002005657,0.2772317260986083,0.07595716653885488
0.024933952056462948,0.19686442701865167,0.42525982183238614,0.27454230255158363,0.07839949654091556
0.02778175222091604,0.19751275438483407,0.4222544898825716,0.2748180962612615,0.07763290725041685
0.029008526410105227,0.19797385573722245,0.4208563099573198,0.2764165199947318,0.07574478790062068
0.0276809718295416,0.19722179464719394,0.42250670047402067,0.2741692607968833,0.0784212722523605
0.027621360955812843,0.19718468638500666,0.42261085941730264,0.2740964608228001,0.07848663241907766
0.028813099772161278,0.19780603079235562,0.41959603214887825,0.27429256034120914,0.07949227694539582
0.026865308208058995,0.1963116777656666,0.4243493767351994,0.2761060031592131,0.07636763413186183
0.024207264161462752,0.19246479886979717,0.42782054863166036,0.28067855127751207,0.07482883705956768
0.025745287630806635,0.19534487880389084,0.4270495018608198,0.2775036224534076,0.07435670925107511
0.03228279757127539,0.20597617139658858,0.4213935804557587,0.265043810617004,0.07530363995937323
0.038096999629381574,0.21291434372300935,0.41269088235495915,0.2570619396348663,0.07923583465778372
0.0381772491490697,0.21300182215851843,0.41257362370149486,0.2570050074261068,0.07924229756481038
0.0360360810009434,0.21043218748966236,0.4148475216804297,0.2573690966493103,0.08131511317965423
0.0329827888748959,0.2068590850883551,0.4180525877491315,0.25702754733488803,0.08507799095272939
0.028999749836495482,0.20315232796607532,0.4243190752970675,0.2561254947211986,0.08740335217916302
0.025091908184781162,0.20079401711775313,0.43321333938357937,0.25387172060538366,0.08702901470850274
0.02211882863784409,0.19995742080401113,0.4413310259245911,0.2486056213737956,0.08798710325975809
0.020103017914792572,0.20046931250586525,0.44745055817716595,0.23947310151399673,0.09250400988817954
0.01945340673777332,0.20313807080034582,0.45150965406703514,0.22887154180312086,0.09702732659172499
0.020301605965280314,0.20779344799575558,0.45372800018642334,0.22364334544634001,0.09453360040620065
0.021422962571927103,0.21183375540666693,0.45411892439406476,0.22383493338861665,0.08878942423872445
0.02235293788828332,0.21453371920151065,0.45232333470577474,0.22582043847910865,0.08496956972532266
0.022735405515089013,0.2153293257166857,0.4502744130374436,0.22705292263128238,0.0846079330994994
0.021472165866053106,0.21300672629532857,0.4610332310365326,0.22213859280976025,0.08234928399232558
0.019807483620097936,0.20825398201914722,0.4773856840731467,0.21544298736526038,0.07910986292234788
0.019271438817792357,0.20600169085224823,0.48222719824195504,0.21384303044635433,0.07865664164165002
0.0197803804327835,0.208268464463985,0.4784883987306649,0.2142947266678808,0.07916802970468581
0.020731368873450503,0.21219775975230576,0.47341952343045846,0.21322326178704504,0.0804280861567402
0.021503499839861582,0.21530367086261415,0.4711590266404602,0.21133090675622643,0.08070289590083761
0.021826899155221284,0.21662881342379076,0.4709136320783942,0.2103018407979033,0.08032881454469047
0.023069222059743977,0.2213671574873328,0.47104415331491906,0.20596396786886503,0.07855549926913907
0.023463618654212096,0.2225848513183922,0.4708591413213351,0.20456411817031983,0.07852827053574067
0.020494586561294877,0.2146713193684223,0.4741966216923681,0.2155608031778305,0.07507666920008414
0.017944633592139554,0.20734850835616536,0.4769602545890172,0.22470887817138582,0.07303772529129209
0.016858947729176253,0.20406648056258347,0.4781351343513047,0.2264663927730113,0.07447304458392413
0.015846320828102837,0.2006768473229874,0.47917385589601896,0.22295155777268588,0.08135141818020497
0.01571640338239905,0.19773107111181729,0.4780910356061932,0.21345221065472983,0.09500927924486056
0.016550895882199625,0.1975203652036393,0.4776181253984319,0.20690410864475745,0.10140650487097183
0.0185986601347006,0.1999317703631208,0.4789611640242867,0.20271329245687605,0.09979511302101583
0.023529070178873856,0.20447746783389215,0.47694890849837596,0.20483329014359403,0.09021126334526401
0.02804641231113261,0.20658751202136333,0.4695494441667985,0.21110527480963864,0.08471135669106693
0.028914654502596168,0.206969568434658,0.4678893592283892,0.21228790898535074,0.08393850884900585
0.027325683120499163,0.20573683246519875,0.4701765828066543,0.21139582033670776,0.08536508127094014
0.026364187352975212,0.20470231232128488,0.47124645820886,0.21215279213393373,0.08553424998294608
0.0274156587755256,0.20571808462159846,0.4695215223694529,0.20998696126993718,0.08735777296348594
0.030125247364736003,0.20731587391011713,0.4629475781122908,0.2039366412933883,0.0956746593194679
0.0328400621120029,0.20877943044653732,0.4572461286341366,0.2008754728857291,0.10025890592159395
0.03466576028246207,0.2104311940199271,0.4558206850070242,0.20127132714576462,0.09781103354482207
0.03620999618965833,0.21227848345101039,0.45609677909211427,0.20272658245188724,0.09268815881532974
0.03413872923938042,0.2094970349375255,0.4551009947093979,0.20137502085226017,0.0998882202614361
0.030396032950872464,0.20348111768290164,0.45305680415821825,0.2050956323537391,0.10797041285426846
0.0282760968023161,0.19920755482685648,0.4527009443272269,0.21411005810094227,0.10570534594265817
0.026366498625018307,0.1926656983509249,0.45220112294885084,0.23285733405760523,0.09590934601760068
0.02560206865220795,0.18082314337505445,0.44519178187595515,0.25837725297383396,0.09000575312294846
0.026434141917098267,0.1711006915852314,0.4375482823141294,0.27205374343320976,0.09286314075033114
0.02745119973835992,0.16722896075288096,0.4362082956117983,0.2753847282990392,0.09372681559792158
0.02851428576854938,0.16554215421636453,0.43806672914833067,0.2753551694070865,0.09252166145966892
0.030990690033132266,0.16331586784451624,0.44412779836597543,0.27145466796739554,0.09011097578898064
0.03468174867036826,0.1598794093243154,0.45066126539746143,0.2631779004703775,0.09159967613747742
0.034547486407123476,0.16001120157044066,0.4504703974576881,0.26348054746515637,0.09149036709959132
0.031616809102499054,0.16240931932076866,0.44461455524325927,0.2689397446197103,0.0924195717137627
0.030113405573947247,0.163601906964577,0.44103309006531966,0.2709723586350019,0.09427923876115415
0.02861875464517654,0.1653258404366388,0.43815792670026404,0.2725311466983358,0.09536633151958486
0.02755452415345505,0.1671991084733857,0.4370936561287834,0.2735343912586588,0.09461831998571708
0.027208267248422534,0.1679680499107255,0.43701105031859033,0.2737643618435786,0.094048270678683
0.026232892444298335,0.1700764901275294,0.43658858111612026,0.2738713117250146,0.0932307245870374
0.025310763423843825,0.17175793658086105,0.43547951925061124,0.2735833499324996,0.09386843081218431
0.025168248446599272,0.1720036101301018,0.43529073013832015,0.27354515397963025,0.09399225730534855
0.025259759878898128,0.17182577734132334,0.43534352500317286,0.273534824197116,0.09403611357948974
0.025259759878898138,0.1718257773413233,0.43534352500317286,0.273534824197116,0.09403611357948975
0.025125990519071748,0.1720640773118505,0.4353700027465048,0.2734894757800336,0.09395045364253937
0.024943919207085812,0.1722919626609456,0.4353445310033972,0.2732406819684325,0.09417890516013885
0.02427714002811031,0.1728780581267957,0.43531544812782286,0.27175269850967226,0.09577665520759886
0.023091519143455565,0.1738333630546301,0.43640212219450886,0.2686429776593016,0.09803001794810395
0.022088365086471124,0.17478459537862612,0.43936871100719804,0.26613844488576605,0.09761988364193863
0.021166227145851105,0.1755596042452253,0.44441461960796447,0.2642737556197628,0.0945857933811962
0.02018562406581235,0.1751149991967489,0.4510379209667412,0.2627720802495191,0.09088937552117841
0.019903192952956724,0.17425207162766707,0.4528605151579908,0.26246382518400735,0.09052039507737807
0.02041733319330979,0.17650666132135276,0.4494769209422023,0.26279435706037796,0.09080472748275728
0.021868698968296674,0.18181707083352686,0.43920191849541573,0.2634131221087274,0.09369918959403327
0.024877466539912654,0.18976800335792754,0.4196931905196563,0.2650487307986566,0.100612608783847
0.027198585438798085,0.19544046802768583,0.40865647308827496,0.26655384013079353,0.10215063331444757
0.027595069409132072,0.19662607162575232,0.40761467744071406,0.2667086655574166,0.10145551596698486
0.028448053812748855,0.19959919389203995,0.40650589758626565,0.2663852999756631,0.09906155473328229
0.0287643814440566,0.20075401755058425,0.4061384218045229,0.26586035131478136,0.09848282788605489
0.028523380133032815,0.19984696139347888,0.4065265698152106,0.2666544636774805,0.09844862498079718
0.02818034969883558,0.19848616678950642,0.4072023244522671,0.26828618567090823,0.09784497338848262
0.027563576642675943,0.1957780545861906,0.4081792088948072,0.2716404843969419,0.09683867547938442
0.02759917437989034,0.19594935473828637,0.40815760085009817,0.2714596003087635,0.09683426972296169
0.028138918563090025,0.19853850698729034,0.4082260440795606,0.26931641706387816,0.09578011330618086
0.02765181064151821,0.19616169863730315,0.40781810419902664,0.2708072738536656,0.09756111266848645
0.026192983121552472,0.18687378809738853,0.4040119030237811,0.2758973568281027,0.1070239689291752
0.025462699443059837,0.17395971320580536,0.39587607833458655,0.2847807141062864,0.11992079491026182
0.02704900407250115,0.1610781203589409,0.3862274449467663,0.29851297887324,0.1271324517485516
0.031917972948307866,0.15088824730525724,0.3777013821583627,0.3145303076241567,0.12496208996391549
0.04163502993324537,0.14254534216756642,0.36747001068134755,0.32860884999637396,0.11974076722146669
0.05579271815370554,0.13693069981862963,0.3537422880615458,0.3324620933104946,0.12107220065562446
0.07141102940297434,0.13595849926654274,0.34191102316862815,0.3261574544840593,0.12456199367779543
0.08510806808241593,0.13970555820871222,0.3379633673901684,0.31714846172501876,0.12007454459368468
0.0943583619207662,0.14479348666686484,0.3395406108109402,0.3099248985173325,0.11138264208409625
0.10585808832484447,0.15278247200114206,0.34276089109436825,0.2979087270648308,0.10068982151481445
0.1187793231824393,0.1621763387552204,0.3424465983079154,0.2788079247156336,0.09778981503879125
0.1237652608788917,0.16607939720412346,0.34105943124586974,0.27013778142281497,0.09895812924830025
0.11904379696494473,0.16161530218769282,0.34087505715937355,0.27721944850982344,0.10124639517816539
0.11387280696755657,0.1560539577737038,0.33917578870187093,0.28381675297653153,0.10708069358033709
0.11230378349247828,0.15428353768936384,0.3389516094948984,0.2860236760615294,0.10843739326173012
0.10404787933683862,0.14475709372874113,0.34236530384988,0.30095912854261364,0.10787059454192663
0.09442229428621439,0.13322723993703825,0.3511790290364442,0.32001502157211875,0.10115641516818441
0.08824601656480012,0.12553786426293123,0.35828925663501804,0.32932169172633086,0.09860517081091968
0.081765453000834,0.1172489841998335,0.3660580331821638,0.333410888097029,0.10151664152013977
0.07785681783073498,0.11221044958511207,0.37163111979920693,0.3329543105495979,0.10534730223534812
0.07477767699862797,0.10832022770407143,0.37830220083578364,0.33151262245749497,0.10708727200402213
0.07092439837112256,0.10364340481283128,0.39024544273899076,0.32985999440564945,0.10532675967140591
0.0682356431299535,0.10054548138196891,0.3995800734334658,0.32916635356389007,0.1024724484907218
0.06362656524139931,0.09544083475080743,0.4121611154290702,0.3279356057036742,0.10083587887504879
0.0579085054137241,0.08924927264476167,0.4201386711336315,0.3256260154728111,0.1070775353350716
0.05539176067445975,0.08684106662488043,0.42232982438229427,0.32446164248468934,0.11097570583367601
0.05467972300050091,0.08653554343026156,0.4242222283873316,0.3240532808535062,0.11050922432839967
0.054221806581101734,0.08762067009885713,0.42965987153490803,0.3224839685743633,0.1060136832107699
0.05461346487506782,0.09099807026058472,0.43551425597984367,0.31698123850600607,0.10189297037849776
0.05508609052322862,0.09288025842247624,0.43632867714414597,0.31350471496558296,0.10220025894456618
0.054414260142780384,0.09066346486548238,0.4359354151530525,0.3169804905205477,0.10200636931813707
0.05339814067696333,0.08743803793958163,0.4355286830973934,0.320583405198442,0.10305173308761963
0.05307967794875286,0.08638541285736955,0.435895460861828,0.3213455680486263,0.1032938802834233
0.05292792769734371,0.08582585967998314,0.43660922259902024,0.3215205574063561,0.10311643261729692
0.05246265784446995,0.08382736177781758,0.4410130163279932,0.3209716633310041,0.1017253007187152
0.05206148174477932,0.08188256376881274,0.4462624710062414,0.3190572264065699,0.10073625707359668
0.05174346241178906,0.08025388174302554,0.4508517362064683,0.31651732632346546,0.10063359331525161
0.051359220879591314,0.0782311454875925,0.45631454093531115,0.31285376990016833,0.1012413227973366
0.051265045720063955,0.07773459741282601,0.4575409018507945,0.31199561116723296,0.10146384384908257
0.05175621436656933,0.08013203339347112,0.4521108544774999,0.3153571294468381,0.1006437683156216
0.05217489863498054,0.08188930331271305,0.44878566344137844,0.3168762622942494,0.10027387231667856
0.05138917445054242,0.07895442532636729,0.4516833404899529,0.316665644099599,0.10130741563353836
0.04987702494482248,0.07325690869119726,0.4504317577704923,0.3224230720974338,0.10401123649605415
0.048911514331079105,0.06890058519435362,0.44479987401410054,0.3332120367069437,0.10417598975352307
0.04856699432103768,0.06632997288396532,0.438880372218067,0.34429133975467996,0.10193132082224994
0.04856242944382064,0.06465517990586882,0.4325273739415118,0.3543339510957143,0.09992106561308449
0.04897583941014865,0.06286247702013113,0.4203232782453132,0.3668879048465791,0.10095050047782804
0.05010798669870938,0.06195630783491541,0.4052239039596567,0.37593660387819583,0.1067751976285226
0.051632535753642704,0.06240944609843299,0.39647536453279714,0.37948089052727907,0.11000176308784806
0.05517713787623137,0.0649022756318154,0.38864704651767906,0.3815480999769031,0.10972543999737105
0.06116687053952594,0.07004626249554252,0.3830608151598812,0.3793085484688089,0.1064175033362414
0.0653419985007,0.07393017693510802,0.3816812825381806,0.37462909658407534,0.10441744544193614
0.06838610935431433,0.07688024582746576,0.382146856762908,0.3694639281346171,0.10312285992069475
0.07104292725727111,0.0794901765957901,0.38325407939876477,0.36369130717497833,0.10252150957319572
0.07104292725727111,0.0794901765957901,0.38325407939876466,0.36369130717497833,0.1025215095731957
0.06807734342887306,0.07667594613314815,0.38130386785706255,0.3718541901396649,0.10208865244125129
0.06361332706759028,0.07265152786813024,0.377129306759246,0.38319261331647503,0.10341322498855833
0.05950853016585952,0.0693131955087373,0.3718952705768347,0.39084188992919794,0.1084411138193705
0.056772299609367124,0.06760786315636155,0.36805954101852734,0.39330544773019505,0.11425484848554901
0.055422745313422915,0.06744796195968474,0.36698546170330615,0.3932889414527334,0.11685488957085279
0.05459248539345275,0.06885296381376421,0.3677197778647744,0.3929119607312849,0.1159228121967237
0.05444604966451509,0.07185675537734675,0.36732691901910913,0.39368563681850544,0.11268463912052365
0.05453541621115404,0.07359723571827607,0.3657054195109341,0.3950282112971091,0.11113371726252666
0.054520939656181565,0.07326633227079565,0.36607184920554686,0.3946304590963973,0.11151041977107852
0.05453832459781682,0.07132855243819548,0.36739454982266617,0.39239891879953026,0.11433965434179129
0.054866332649135326,0.0680381815649707,0.366947380389128,0.3913512956829582,0.11879680971380777
0.05578200444821792,0.06453345447906951,0.3628540976594732,0.3965440298291191,0.12028641358412034
0.05739505153734053,0.06173236713446181,0.3560331320151933,0.40923145759703317,0.11560799171597123
0.059608807567886696,0.059937392423911544,0.3478829353391299,0.42579235743243626,0.10677850723663562
0.06123260173937422,0.059395728269345145,0.3428694782411713,0.43508300790131016,0.10141918384879908
0.06199923209834938,0.059355295863224904,0.34103818594033036,0.4375804368635255,0.10002684923456992
0.06449333214301256,0.05969694372077537,0.3363649627267536,0.4392802668307305,0.10016449457872792
0.0697548439844285,0.06124911603936149,0.3286504746338307,0.43265045646811656,0.10769510887426278
0.07831278913146521,0.06495528080275108,0.3204756406778055,0.4153660163089453,0.1208902730790329
0.09161869720892753,0.07207866825060821,0.3137835913856034,0.3899859055015241,0.13253313765333685
0.1069668638567229,0.08126918681667325,0.3102312979137283,0.3671616362734704,0.13437101513940516
0.12065917695765065,0.08991519306913248,0.3086233875395149,0.352674627073037,0.12812761536066497
0.13179972293994707,0.09706482637136661,0.3068950217934775,0.3444152484813744,0.11982518041383451
0.1376656905262399,0.10077615217803734,0.3050200282337714,0.3410536994832853,0.1154844295786662
0.13619746166867516,0.09989553909742438,0.30575461322767467,0.3418897352023688,0.11626265080385689
0.12740295409744506,0.09514685438715878,0.3103965272038124,0.34829089711389727,0.11876276719768654
0.11671787372757884,0.0902655960940202,0.3148221874874467,0.3589522970268311,0.11924204566412312
0.11122858179624642,0.08841300514042007,0.3170094193534867,0.36629092885797543,0.11705806485187135
0.10939007392058621,0.0881379223021263,0.318065887661553,0.3692087321789507,0.11519738393678373
0.10763983987610463,0.08833058186931009,0.31921539482110767,0.37144384209681813,0.11337034133665955
0.1052003568347116,0.08930553162620176,0.3199085004603703,0.3717360624244276,0.11384954865428874
0.10449048961116145,0.08992519118179404,0.3197700595933396,0.370642657416717,0.11517160219698788
0.10509112760020493,0.08841281407001264,0.3198333125392542,0.3734754221673418,0.11318732362318647
0.10505524217437834,0.08898243591169408,0.31984759584898653,0.37253125801569265,0.11358346804924846
0.10518246812165731,0.091926905261676,0.3190594318171448,0.3682741505208872,0.11555704427863477
0.10490664172549195,0.08999998967731498,0.31972588286531783,0.3700657420180073,0.11530174371386785
0.1034073943998026,0.08436568546896979,0.32032465357211765,0.3717495697536718,0.12015269680543819
0.10256989610773971,0.0813509951092726,0.3209364079641991,0.3718857390311714,0.12325696178761716
0.10242162374007092,0.0794231916143818,0.3231417822543463,0.37258818284550566,0.12242521954569525
0.10389807798216072,0.07475879995879718,0.3357894817217202,0.37683622474639084,0.10871741559093094
0.10683383295870906,0.0692718591648676,0.3520466510354031,0.37714917684066696,0.09469848000035326
0.10832473819964687,0.06727891291126557,0.3565807801105245,0.3698785342969088,0.09793703448165428
0.10810064694677231,0.06731463531639051,0.35610496091041804,0.3709414179259265,0.09753833890049272
0.10850430096119723,0.06741915301405924,0.3569583440699536,0.36956221117150695,0.097555990783283
0.11333636963635112,0.06942340219579214,0.3657396238009132,0.3550998354623478,0.09640076890459581
0.12033935325740974,0.07308716726743532,0.37343994789293994,0.3344026793187311,0.09873085226348384
0.1251950029077576,0.07626396944114366,0.37264060126278664,0.321844292784972,0.10405613360334029
0.12593142704338067,0.07685890920062916,0.37140251591090623,0.32121106293660456,0.10459608490847942
0.12413576528274527,0.07523024493878738,0.37628208880670583,0.3176369635601993,0.10671493741156221
0.12295263136037043,0.07396841464499575,0.3823915129179204,0.3106642339083078,0.11002320716840558
0.12281353196352528,0.0734012085902077,0.3896168457079339,0.3035487236213791,0.11061969011695402
0.12373716906419527,0.07327956916273913,0.4015792667922109,0.2933192062787932,0.10808478870206148
0.12539042919538512,0.07352290202086191,0.4145393187373572,0.2809676769520077,0.10557967309438818
0.127284557241818,0.07394626014932762,0.4243710151599809,0.2673593067815511,0.10703886066732232
0.12891043021502102,0.07453186597868924,0.4281504949001665,0.2600222106311142,0.10838499827500901
0.1293845466230474,0.0747448533217495,0.42879860004371795,0.2592196262348359,0.10785237377664919
0.12897095090550612,0.07455204643111839,0.4283455166404371,0.25949886385527693,0.10863262216766142
0.1292071595551715,0.0746586916877894,0.42846775014999194,0.25938402396927734,0.1082823746377697
0.12909875760576375,0.07461454770757829,0.42853924574869307,0.2594546919847763,0.10829275695318871
0.12480237350034204,0.07318128681082413,0.4369036216675102,0.2627494801993539,0.10236323782196975
0.11859859547654675,0.07144255045363827,0.4503589683440852,0.26519902035723164,0.09440086536849822
0.11405860415729271,0.07024125772730974,0.4585094073454117,0.2641532018796991,0.09303752889028687
0.10887365518011444,0.06892667555028063,0.4662441056371138,0.2603191184403124,0.09563644519217872
0.10516772680924345,0.06808820055778476,0.4715869365885878,0.25660061609248613,0.09855651995189786
0.10431216750276484,0.06793573148765424,0.47306318604477293,0.25571316997693916,0.09897574498786883
0.10148525100373999,0.06759827044401466,0.4788178979593834,0.2534101831432091,0.09868839744965273
0.09560558369318778,0.06720807181391789,0.4903121678239885,0.25135903985321084,0.09551513681569485
0.08802550402814134,0.06706032456826982,0.5019361798062333,0.2527828278582569,0.09019516373909876
0.08332762685381427,0.06721679788471588,0.5071936916976727,0.2554163155741661,0.086845567989631
0.08461374649048242,0.06709924628598807,0.5059387552208783,0.2547389672208946,0.0876092847817567
0.08551446725794912,0.0669869470332119,0.5052134838812337,0.2547129943651904,0.08757210746241503
0.08705387576656146,0.06677859003595553,0.5044475704926707,0.25563753309285137,0.08608243061196087
0.08899240055517929,0.06643037758771425,0.5034446162242731,0.25744889027321327,0.08368371535962009
0.08449393174528719,0.06759394108641,0.5056815087421951,0.25495676804292816,0.08727385038317953
0.07864611893828505,0.06944278697784168,0.5054075702438079,0.2582604515453412,0.08824307229472407
0.07684716751503348,0.07004533864993538,0.5043809586209689,0.2614752917403597,0.08725124347370251
0.07835697641133132,0.06958146129232314,0.5055433183720549,0.2576766725780554,0.08884157134623541
0.08200665817826588,0.06873830756465009,0.5082584932572733,0.24858083644618015,0.09241570455363059
0.08228538539824178,0.06870588657402629,0.5085080472100967,0.2480527988705724,0.09244788194706283
0.07970067947638652,0.0687299225970374,0.5051573212560331,0.2510889817112661,0.09532309495927688
0.0775174846606887,0.06866058023919609,0.5021220183298345,0.25240562502843816,0.09929429174184248
0.07423058085024473,0.06872380894859623,0.49902347572523476,0.25311810694076714,0.10490402753515705
0.07246666273155447,0.06908198417160259,0.49964559749544346,0.2530283723903564,0.10577738321104291
0.07160972381885629,0.0695792651108495,0.5023123052170667,0.25261995266389703,0.10387875318933056
0.06976136870982107,0.0713118614622217,0.5125907781229092,0.2499804093105065,0.0963555823945415
0.06774444215511372,0.07286784035521404,0.5206474709622668,0.24500269110429582,0.0937375554231095
0.06835499765304924,0.07260255649301305,0.5194999084735368,0.2468718103471808,0.09267072703322021
0.07128328871768544,0.07182710043528326,0.5143172882825989,0.2561578299907439,0.08641449257368852
0.07281875530248555,0.07156606593112445,0.5110161288741883,0.2596050723842549,0.08499397750794675
0.07266714957840355,0.07156891945246513,0.5111998446840229,0.25957686349536907,0.08498722278973936
0.07244122665486714,0.07153434845377366,0.5111063270746541,0.2599935240510891,0.08492457376561596
0.07287233018223759,0.07165187283242956,0.5117963122451593,0.25864923936867273,0.08503024537150086
0.0744832729254547,0.07215823557356413,0.5150094406304676,0.25274527103843264,0.08560377983208083
0.07566026052692157,0.07248174746028098,0.5170148976555708,0.24851732416998082,0.08632577018724574
0.07625978286796052,0.07257211330666398,0.5175781069399468,0.24688703384416502,0.08670296304126364
0.07640640208775086,0.07256507168465594,0.5175659975052594,0.2467926175484325,0.08666991117390123
0.07468149682108567,0.07291736926295792,0.5170542303077779,0.2434349341664051,0.09191196944177336
0.07141140657581027,0.07398606273142352,0.5077928299608181,0.23401621641990075,0.11279348431204742
0.07009722904103316,0.07560518171277936,0.500514855134282,0.23125605525787093,0.12252667885403465
0.07016641377363952,0.07620464268449338,0.5007408285324715,0.23172473238089683,0.12116338262849881
0.07120038276763212,0.07910735988192907,0.5057599570077993,0.23525259773887466,0.10867970260376493
0.07280659053125198,0.08350432837581692,0.5095363781322719,0.2392229667632418,0.0949297361974174
0.0728373077757945,0.08361070644652163,0.5094520648434656,0.239157815370407,0.09494210556381122
0.07197315186120763,0.08080934226272556,0.510563810279002,0.24678324563096873,0.08987044996609599
0.07086185374659677,0.07820940505984583,0.5071151242058162,0.2556825543990926,0.08813106258864857
0.07086185374659677,0.07820940505984585,0.5071151242058162,0.2556825543990926,0.08813106258864857
0.07269354506160533,0.08159956462685904,0.5127896642416442,0.2449054050408406,0.08801182102905086
0.07458121898618209,0.08509805355782425,0.5124302834911605,0.23523238133298258,0.09265806263185061
0.07478113109123091,0.08543707618697066,0.5118977694449273,0.23482366317077558,0.09306036010609553
0.07300769194042436,0.08293414504764088,0.5128613683706751,0.23323586725998757,0.09796092738127204
0.06979244935997381,0.07894640040366913,0.5080321423780991,0.2280563096299382,0.11517269822831967
0.06677736730785688,0.07561219645204886,0.502162920346794,0.22507498082926958,0.1303725350640307
0.06570475746620306,0.07483200809268123,0.5031936744678298,0.2273016130302888,0.12896794694299707
0.06580337400455795,0.07564111298095039,0.5091103959971891,0.231592650844828,0.11785246617247441
0.06649680349667643,0.07781690456352565,0.5172095815823776,0.23613449526245048,0.10234221509496988
0.0669642538637445,0.07972360199563831,0.5189620400706,0.23526077465342235,0.0990893294165948
0.06713559585066957,0.08041733701252125,0.518818289807759,0.23337520669870934,0.10025357063034089
0.06708995638447135,0.08029036264422361,0.5187235377701419,0.2337625615212733,0.10013358167988982
0.06758707402840036,0.08141934030520699,0.5203188835929694,0.23079034955619887,0.09988435251722437
0.07000744507921182,0.08659400193036233,0.5260263410339989,0.21906748104388932,0.09830473091253764
0.07170687600480041,0.09022077930856244,0.5269592528894983,0.21219717712484262,0.09891591467229609
0.0719997081250692,0.09083709120280674,0.5267810770783339,0.2113831830783528,0.09899894051543735
0.0723267171606866,0.09149295907389267,0.5265197483551036,0.21097485916564548,0.09868571624467147
0.07148082430596414,0.08987880727335512,0.5271847631749179,0.21111640236727072,0.10033920287849218
0.0701826593468659,0.08746774038059307,0.5286872193018104,0.2107913379871648,0.1028710429835658
0.07046863776292593,0.08799130738395361,0.5279643190741427,0.21088014063205035,0.10269559514692737
0.07078530820287456,0.08854678353657114,0.5266358568945942,0.21099181971427117,0.1030402316516889
0.06914134192118616,0.08592578830689064,0.5330343195190226,0.210314147279144,0.10158440297375669
0.06670866907758609,0.08244159656982014,0.5388477906842642,0.2093986717035774,0.10260327196475212
0.06614984248115865,0.08172309217086934,0.5398873063095637,0.2092429785732263,0.10299678046518206
0.06750926663159093,0.08323626867407471,0.5364386544301427,0.2095490725781031,0.10326673768608857
0.06880489975046392,0.08442643513875221,0.5325591602390551,0.20998008738406237,0.1042294174876663
0.07048776272401965,0.085719363947417,0.5288259266696836,0.21089528652845693,0.1040716601304228
0.07548873582383855,0.08898155268644538,0.5215231850268703,0.21419022189076553,0.09981630457208028
0.08251836231116151,0.09263912805158776,0.511177135115338,0.21779592824160038,0.09586944628031234
0.08764110051597089,0.09462666763887219,0.502913787140406,0.21793112165582537,0.09688732304892549
0.08947301126828275,0.09521749003898264,0.500954203829984,0.21687073784119446,0.09748455702155612
0.09075319368872165,0.09562101200089773,0.5007094975221746,0.21564401661406118,0.09727228017414495
0.09425317586295909,0.09663150913741565,0.5017189958982029,0.2117084752895343,0.09568784381188802
0.0965467361295536,0.09710870912265772,0.5023794677129655,0.20891892591642153,0.09504616111840167
0.09077073370201183,0.0965634799374831,0.5013364542371705,0.2161651381472059,0.09516419397612862
0.08117225976913364,0.09678456943223485,0.4992516178983749,0.2271849915131238,0.09560656138713275
0.07494336764115998,0.09785629422973322,0.4981936761400872,0.23234177916810664,0.09666488282091308
0.06517115715754741,0.10162837926094057,0.49837606998257594,0.23612091121212495,0.0987034823868112
0.05490275167170011,0.10902746749606822,0.5015962755795287,0.23585309059583853,0.09862041465686447
0.050346683580798385,0.11518239310083477,0.5072848047288588,0.2334514782164248,0.09373464037308332
0.04746629659198195,0.12176014696811278,0.5150817725723564,0.22912679259345684,0.08656499127409212
0.044472035653210215,0.13069615282994668,0.5236517648867167,0.21980345637570659,0.08137659025441989
0.043969551320148036,0.13231323634133493,0.5244878007760023,0.21733744472187716,0.08189196684063753
0.04585080802063089,0.12555800423490357,0.5218883290176851,0.22922217184561872,0.07748068688116178
0.04628294320941197,0.12363586018911252,0.5209746313069458,0.23220443495618479,0.07690213033834505
0.0456131615590119,0.1273107642708036,0.5224830931911718,0.22820281376350057,0.0763901672155121
0.04625135217728289,0.12366559201971006,0.5218647617812021,0.2302654168706344,0.07795287715117065
0.047963027885370914,0.11592933218696273,0.5240000432947269,0.23075594092730484,0.08135165570563471
0.04992731002356929,0.11008569284070949,0.5306026887449463,0.2277971674848363,0.08158714090593853
0.05464926950684674,0.10072860747671417,0.5506415641291175,0.21614258172878204,0.07783797715853956
0.06118125126964928,0.09088236477185574,0.5762841902951656,0.1962529261657783,0.07539926749755123
0.06482326634229095,0.08650974162637873,0.5889513768214599,0.18409677971132746,0.07561883549854274
0.06735007321352392,0.08421614269232097,0.5972650645279797,0.1759942353582609,0.07517448420791455
0.07106851876520501,0.08162541019724062,0.607642502795498,0.1662115601775585,0.07345200806449768
0.0765931252701634,0.07824308475409461,0.6156038933895872,0.1570855580394882,0.07247433854666664
0.0827231254234213,0.0746850651914564,0.6098263641999734,0.15643810842738173,0.07632733675776722
0.08507779912943739,0.07383616216287818,0.6036120413259307,0.16020152749610228,0.07727246988565138
0.08227648205139135,0.07370947549569586,0.6079804184281068,0.15465853596158347,0.08137508806322263
0.080460587673643,0.07312328691143344,0.6088195294849758,0.15194626977127115,0.0856503261586767
0.08134905880181818,0.07354230433007047,0.6079638364112333,0.15270678950772432,0.08443801094915371
0.07983671108501161,0.07264854994333718,0.6113857901261404,0.15282869384553072,0.08330025499998006
0.07770232012520262,0.071068696076407,0.6170208919843982,0.15508413222957027,0.07912395958442196
0.07690306832863855,0.07035263890796867,0.6184991439737507,0.15613982210513105,0.07810532668451096
0.07542581026846866,0.06883997682153009,0.6197194645649504,0.15767104699561996,0.07834370134943093
0.07275677511340871,0.06580064533049942,0.6203262179240255,0.1597297728642556,0.0813865887678107
0.07165572303115261,0.06437370679661839,0.6210822042378653,0.16048260023041663,0.08240576570394686
0.07107306007856072,0.0634587032436,0.6225437583684246,0.16088250951869512,0.08204196879071968
0.0686852974727648,0.0587930004031437,0.63149004339454,0.16292014309603192,0.07811151563351977
0.0659205188538044,0.05228476755100377,0.6368581589328831,0.16659896901344265,0.07833758564886614
0.06489310433683637,0.04875893177464857,0.6372315472054204,0.16869207526057153,0.08042434142252294
0.06492052744765857,0.0461350770100638,0.6398391371366525,0.16951741665092207,0.0795878417547031
0.0667456526184294,0.043095244640602895,0.6476719967326323,0.16814517981007226,0.07434192619826312
0.06961404793784054,0.04145787035586836,0.6540479125636335,0.16363428437184796,0.07124588477080959
0.07141818915962028,0.04103756775325313,0.6570836890558902,0.1595540018261876,0.07090655220504885
0.07205711777767645,0.04097667329927953,0.6582653522408346,0.1579032099472513,0.07079764673495806
0.0723946778224577,0.040961048203836455,0.6589135111230281,0.15708273802903183,0.070648024821646
0.07189008547647631,0.04099080460819212,0.6580960445259132,0.15806790456191172,0.07095516082750666
0.06903408797073782,0.04137880452213829,0.6548898253202621,0.1619699918411944,0.07272729034566731
0.06590406633373844,0.042252205736555075,0.6535788654407227,0.16444905492832917,0.07381580756065464
0.0639769106803209,0.04315844200289019,0.6549503138913457,0.1648810535278783,0.07303327989756472
0.06218412746493936,0.04432005957541288,0.658102671187553,0.16445104534986435,0.07094209642223039
0.06252054323141445,0.04407819890274461,0.6573379059143837,0.16464573241106137,0.07141761954039598
0.06561109316485587,0.04207605452300154,0.6495807113810611,0.16759164582689265,0.07514049510418884
0.07040054249258862,0.03975257183215416,0.638299068114334,0.17395611667405877,0.07759170088686451
0.0783069668280376,0.03729731851809711,0.6215497222004599,0.18710895959508977,0.07573703285831562
0.08900509718320763,0.035517826114206286,0.5973410073616112,0.20790152099463702,0.07023454834633787
0.10022324617383661,0.034936388648309794,0.5670839553688605,0.2308947520546554,0.06686165775433787
0.10994746644632263,0.03539784605468497,0.5382859529409294,0.2485667645117467,0.06780197004631625
0.11812152628753225,0.03649768183850463,0.5173496777494774,0.25847432043710367,0.06955679368738213
0.12644638232569153,0.0381688502851851,0.5035884361348926,0.2625611404386825,0.06923519081554819
0.13861309065206562,0.04120633528803799,0.49290588511861777,0.26127574333626796,0.06599894560501064
0.15602539968865375,0.04632345492668027,0.48396811150864677,0.25124870424414236,0.062434329631877006
0.16862007391417416,0.050427506948635126,0.4798010166031441,0.23907221887294486,0.06207918366110169
0.17297172484266318,0.051860754391044456,0.47942623479635377,0.2337185337760935,0.06202275219384508
0.18010396466519732,0.05415751816608139,0.4799462755407792,0.2240782119594556,0.06171402966848647
0.18831636135850222,0.056786443146736164,0.48021508502985355,0.21297625772079304,0.06170585274411506
0.1907406375180873,0.057535652580452,0.48010204219039476,0.21009022405376274,0.061531443657303224
0.19235158709834604,0.05798843448224498,0.4799025844566532,0.2086154779269024,0.06114191603585345
0.19399702015893175,0.0583820325240122,0.47928475573065094,0.20757520823067183,0.06076098335573333
0.19091549861380153,0.05789929876304541,0.4810888775611587,0.2087791120579277,0.061317213004066534
0.1809471782996304,0.05757796087719571,0.4823479145958244,0.21183034093715214,0.06729660529019735
0.16711876359826605,0.0588956410002496,0.4748856316272166,0.21707311022370762,0.08202685355056025
0.1546562857174546,0.06257779933568547,0.4641453832351511,0.2238183658547605,0.09480216585694838
0.1430331139586289,0.07129444978528152,0.4535931250295448,0.23358583386888893,0.09849347735765583
0.13443464562609325,0.08727869256007839,0.44462603594258016,0.24467383827031347,0.08898678760093472
0.13175628730479932,0.10488960512287916,0.4393388114336213,0.24900540936777532,0.07500988677092493
0.1331458299333739,0.11842694838499011,0.43848888703208894,0.2452056007138622,0.0647327339356849
0.13658472996025348,0.13154546902159808,0.4387295899398374,0.23498156261865502,0.05815864845965594
0.141444577899003,0.1454462117340667,0.4362247442049339,0.21887888282225565,0.05800558333974079
0.14510269547925045,0.15364965492440663,0.4331156340706,0.2081232253536724,0.06000879017207053
0.1473641313738379,0.15750766622615417,0.43196860989983826,0.20344161538954122,0.0597179771106285
0.1525575266505651,0.16471779462768765,0.4298773197786011,0.19557382012354976,0.05727353881959638
0.15905075773106825,0.172268535599378,0.42523965565288374,0.18728397287005094,0.05615707814661903
0.16329214742173181,0.17629069410540563,0.4213331199906972,0.18241556530569494,0.0566684731764705
0.16830319105930377,0.18016065615570015,0.4173412805714522,0.17755167548876566,0.05664319672477814
0.1746237748388726,0.18413965063093754,0.41318158959235424,0.17295998639301285,0.05509499854482297
0.17725803535043375,0.18543504036531544,0.4115478235007824,0.17172072215884296,0.054038378624625495
0.1745647026085597,0.18452536007239217,0.41338981350733744,0.1723563853903087,0.0551637384214019
0.16570098422218615,0.18312966515621093,0.4205863677106535,0.17247603213201856,0.058106950778930806
0.15220218208574646,0.1835594507445445,0.4327340853243728,0.16986259527601605,0.06164168656932011
0.13837960062805033,0.18684761538799138,0.4459054309315836,0.16469518733793598,0.0641721657144388
0.12639903635560998,0.1928146782734343,0.4582645772688017,0.15872374274910606,0.06379796535304796
0.1169771256872553,0.2004612446212469,0.4684183198934135,0.15397094619189416,0.06017236360619009
0.11111307895220487,0.20706645831144824,0.4740389355960387,0.15172711678450704,0.05605441035580117
0.1100004216614334,0.20863781889580588,0.4747748058632038,0.15143530813465178,0.05515164544490508
0.11114186873148711,0.2067824068441236,0.47455018942472205,0.15169819919277402,0.055827335806893245
0.1118924623848598,0.20549146553143624,0.47488024783177635,0.15183952159520966,0.05589630265671813
0.11218152407279564,0.20495791469009023,0.47518619757818176,0.15185754928764336,0.05581681437128907
0.11100159235278764,0.2074642688362983,0.473283634721448,0.15203978205413357,0.05621072203533249
0.10794395365059116,0.2148582155472352,0.46620889655630926,0.15340257105989524,0.05758636318596906
0.10732873338731139,0.21670017060825977,0.46434440627001283,0.1537219840207876,0.057904705713628365
0.10915311805846573,0.20703770890928214,0.47052668433649364,0.1543325500752154,0.05894993862054308
0.1095466378801226,0.20211533360448491,0.4719805554587764,0.1558993783971606,0.06045809465945561
0.10914792294832058,0.20911486340431637,0.46962982803374814,0.15264387974183852,0.05946350587177646
0.10878105731747126,0.21364269945586972,0.46676649069243153,0.15038078521869602,0.060428967315531455
0.10900596256208861,0.21026344263294913,0.46908114602057743,0.15190962289532464,0.05973982588906023
0.10905928187936947,0.20463535523641185,0.4713086231342417,0.15420190086278363,0.060794838887193385
0.10901201107189613,0.19997796599120682,0.4722612287048796,0.15616669027511074,0.06258210395690678
0.10917569327685737,0.19563709461085446,0.47283566236256525,0.15857675900807333,0.06377479074164977
0.10962093794481688,0.19409883809823586,0.4728490451129863,0.15989583178994787,0.06353534705401305
0.1099960773136539,0.1946025302779297,0.4731778194605465,0.1595053061556597,0.06271826679221011
0.110561706742854,0.19636393649090728,0.4739717179436541,0.1577036572910178,0.06139898153156675
0.11151996233391291,0.20140114047500385,0.47412580703571633,0.15222393924688188,0.06072915090848506
0.11185443253093275,0.2064609238209974,0.4715336387874911,0.1472536427802878,0.06289736208029081
0.1118589452963918,0.20775137527365345,0.4707833775688872,0.1463343386735802,0.0632719631874875
0.11185593827936081,0.2053529079421793,0.4714072499471481,0.14751627687393754,0.06386762695737408
0.11193530545671064,0.19903298838614733,0.47145683689218765,0.15013132090143178,0.0674435483635226
0.11268251658451349,0.1866235208158101,0.4699103472472835,0.15598927519543546,0.0747943401569574
