0.2292971413591122,0.05604825962327481,0.4601134878693212,0.2233924731746274,0.031148637973664357
0.2275452495422131,0.05615219129402278,0.4599708818284563,0.21716740632587567,0.03916427100943235
0.22548069615961708,0.05795475150246476,0.46277697948942154,0.20846146841224136,0.045326104436255316
0.2232096845746247,0.062429150282977505,0.4691172170586224,0.2008537044986502,0.04439024358512524
0.2216234687543106,0.06788201642297469,0.4763470556059459,0.19684963227037688,0.03729782694639195
0.22120328461415,0.0723493007491438,0.48268886165738956,0.19403952097460186,0.02971903200471484
0.22122123761519075,0.07608701831131351,0.4878823842416707,0.19048406491846193,0.02432529491336318
0.22123748591874676,0.07777715777187748,0.48984119980560387,0.1879850484507931,0.023159108052978945
0.2210447272747643,0.07567618887153475,0.4877017919164603,0.19232521724108553,0.023252074696155135
0.21983340375341004,0.07162176498087496,0.4835129752632351,0.2024744502262928,0.02255740577618709
0.2186542600533369,0.06905869461602672,0.4815079020983714,0.20911078156675755,0.021668361665507518
0.21760082744391035,0.06708936095651526,0.4814023636649165,0.21333985192222749,0.020567596012430422
0.21569185290347825,0.06451660671329151,0.4834212246763699,0.21608675711841746,0.020283558588442815
0.2139171621487286,0.0629479453980052,0.48624018878237857,0.21512277067812938,0.021771932992758303
0.21442233672898403,0.06331606443166368,0.48456518392416115,0.21628843649247398,0.021407978422717175
0.21509994446405548,0.06381033464593781,0.4789051881532838,0.22004190652911704,0.02214262620760597
0.2151848134846625,0.06384935788679089,0.4780397730188822,0.22059184834927942,0.022334207260384934
0.21589936819234862,0.06400263132312298,0.47382504398109004,0.22328962246819553,0.022983334035242907
0.218917362281416,0.06445584779340406,0.4625485832107097,0.23034795491648652,0.023730251797983774
0.22149593031555362,0.06478870160741948,0.45644521106548624,0.23389753527281382,0.023372621738726763
0.2227899712760581,0.06493336368788787,0.45480730461281,0.23466737338510907,0.022801987038134915
0.22773334695653502,0.0653795750253834,0.4511230392567573,0.2348179129765334,0.020946125784790985
0.2337689552689836,0.06574430383918316,0.4475315368665009,0.23186413421392743,0.021091069811404916
0.2355593858831234,0.06579929542832728,0.4469232186968225,0.23012177774141987,0.021596322250306874
0.23665010533252945,0.06581296573262184,0.4470010754943412,0.2287575176184325,0.021778335822075025
0.24109098548146224,0.06578205573191001,0.44859407560110176,0.222619799165213,0.02191308402031306
0.24476824588622484,0.06562580347020243,0.4504437148340572,0.2173468908728994,0.02181534493661601
0.24349146383517564,0.0657506083858383,0.449670884759132,0.21905578030160308,0.022031262718251086
0.2398186244165471,0.066417460149932,0.44725311387043665,0.22303824287964163,0.02347255868344266
0.23576314454142708,0.06777491527227221,0.44500957804669244,0.22593210414373158,0.025520257995876622
0.23078524757379462,0.07086358132623047,0.44401041198475916,0.2266629639240719,0.027677795191143762
0.22568281909064053,0.07626847698467118,0.44613722216082924,0.2230860850641213,0.028825396699737875
0.22159917644628666,0.08266533744822666,0.4511484307136518,0.21626198155957443,0.028325073832260492
0.21826619541496783,0.0889447518213446,0.4574580353102061,0.20872870551386066,0.026602311939620933
0.21501349076717208,0.0944131438189012,0.46330036822779674,0.20245111593330475,0.02482188125282529
0.2123103353878769,0.09768302143437743,0.46656485643135837,0.1993788665453214,0.024062920201066047
0.21153301708926475,0.0983236378825985,0.4671251956853817,0.19901894698463996,0.023999202358115163
0.2144531641001537,0.09662476242398721,0.4656940225526262,0.19903150854384546,0.02419654237938748
0.21939474496416903,0.09453973165134819,0.46361581667970736,0.19758702843915923,0.02486267826561626
0.2236019392079411,0.09332504532598308,0.46208781819295436,0.19569792315921888,0.025287274113902605
0.22815803591381695,0.09249216208305926,0.46058964322587614,0.1935571508158682,0.025203007961379486
0.23429106546240563,0.0917693243056757,0.45793430027124504,0.19125635881517777,0.024748951145495832
0.23924626845869193,0.09137167886268414,0.4545184157152983,0.19036038682081466,0.02450325014251097
0.2423711631511361,0.09123148435568533,0.45139164790078046,0.19059604441248107,0.024409660179916897
0.24592841624728762,0.09123421644629616,0.44658670714435783,0.19176425510570652,0.024486405056351877
0.24938982137938137,0.09150022234409635,0.44074535541232657,0.19340397990280814,0.024960620961387518
0.25122432338291184,0.09187926804486023,0.43807439873061826,0.19386680796584843,0.02495520187576122
0.25251045885155554,0.0923021197641238,0.4371826399340459,0.19350434334625624,0.024500438104018626
0.2558780981590864,0.09373081842460695,0.436579996981591,0.19058087171285992,0.023230214721855703
0.2599852640977918,0.09600170173715865,0.43649256083036164,0.18391439331103857,0.023606080023649237
0.26197149158748684,0.09748212464239246,0.4366859533771633,0.17886680090346455,0.024993629489492852
0.2631642317774055,0.09859429967438312,0.43727985420991733,0.17538841397198293,0.02557320036631102
0.2642938574482399,0.0998988057322297,0.43839729838373076,0.17247696001275997,0.024933078423039504
0.2645584357873406,0.10031112136398077,0.43879879776609093,0.17202201599204475,0.024309629090542906
0.2638832895764991,0.09904512345296096,0.43738759575988423,0.17229990449778762,0.02738408671286815
0.26269124483779793,0.09706912485717906,0.43473333391948066,0.17248958000648437,0.03301671637905786
0.2613147380579956,0.09546926559125225,0.4322751209840646,0.17477928300049256,0.036161592366194976
0.25967958950821435,0.09482832629843832,0.4308724695346277,0.18075634716977038,0.033863267488949265
0.25745005290674916,0.09515294419736631,0.43026499675448077,0.18857930886624688,0.028552697275156788
0.25557866815007485,0.0958735696859387,0.43040446243163627,0.19311789318131473,0.025025406551035377
0.25526933041095706,0.09611822745372492,0.4307287519310677,0.1934436870207598,0.02444000318349055
0.2553673861257639,0.0959089120421024,0.43028836618948835,0.19374651647482086,0.02468881916782457
0.25541820591370995,0.09548962165433666,0.42926278134693524,0.1950642738580358,0.024765117226982304
0.25519207714013376,0.09387633397904992,0.4249479738499146,0.20164923714986166,0.02433437788104
0.25349154670864876,0.09050479034369081,0.4149147301303467,0.2161715368542003,0.024917395963113473
0.2501623415383039,0.08645056214105848,0.4018892432296426,0.2331155280033643,0.028382325087630608
0.24619484675802053,0.0824106834004432,0.38868264589660895,0.2496513680605288,0.03306045588439865
0.24284047044958942,0.07908533901897072,0.37839488912108543,0.2639194221508073,0.035759879259547066
0.24114458863676375,0.07720455189145589,0.3739975525923003,0.27337302426155485,0.03428028261792522
0.2408803726291278,0.07667046001241365,0.37498126560821377,0.27714890782024015,0.030318993930004635
0.2409715159837682,0.0767318485774556,0.37785125681645226,0.27698878304743624,0.0274565955748877
0.24070987895112192,0.07685865119748199,0.38081840092757957,0.27514362384711055,0.026469445076706014
0.23945685059713626,0.07691421334103926,0.3843426903838982,0.2716925739389983,0.027593671738927947
0.23797076340851847,0.07688601649813405,0.38673836481486606,0.2692165350495376,0.029188320228943906
0.23665883561367343,0.0768792622446762,0.3887882602865485,0.2678244535947292,0.0298491882603726
0.23263158309836088,0.07698718998403768,0.3952538448060882,0.26583177416136183,0.029295607950151265
0.2262021175954248,0.07725036489673101,0.4040952606004147,0.2652138955150521,0.02723836139237746
0.22209977617959908,0.07745252179276371,0.4089342534821155,0.2653090441760535,0.026204404369468137
0.2188392346218344,0.0776600132806891,0.41252561677653626,0.2651721281978788,0.025803007123061415
0.21459547536801907,0.07801334602148374,0.4169260963828529,0.26444330833589846,0.026021773891745783
0.212352421033138,0.0782786263252849,0.4192679273876657,0.263804904515869,0.026296120738042283
0.21053686928068127,0.07859477827795866,0.42133451588391835,0.2631869311485575,0.02634690540888419
0.20782265807728104,0.07922827799102099,0.42450050448554205,0.26234598278020355,0.026102576665952365
0.20620624662571618,0.07968131452608683,0.42620925135981863,0.26200435173655134,0.025898835751827096
0.20708227698141476,0.07939957758426268,0.42543048965506347,0.26208161169354527,0.026006044085713793
0.20950959841072592,0.07851238513699799,0.4237232770447571,0.2619624538655176,0.026292285542001484
0.21218457702436752,0.07742614391477225,0.4224800249464117,0.2613914153398332,0.026517838774615474
0.21347037273170508,0.07687892417151068,0.42232416896022534,0.26085975972240305,0.026466774414156038
0.21406870786882828,0.0766253293311225,0.4224923075608657,0.26047594568789717,0.026337709551286354
0.21669160192993273,0.07547525343674638,0.42409183706344106,0.2581020979746767,0.02563920959520302
0.21931823460726632,0.07419705769810322,0.42631836289272396,0.2549187571614799,0.025247587640426773
0.21831319039634398,0.07472497570756456,0.4252444945756322,0.2563875560588313,0.025329783261628047
0.21552981134216231,0.07623842867420755,0.4217982364352297,0.26073447540385775,0.02569904814454275
0.21257675241772353,0.07800978357148997,0.41804246723772204,0.2653627679118648,0.02600822886119971
0.2077323104443157,0.08132684245799918,0.41240407355778175,0.2721804390513986,0.026356334488504645
0.20021606959405328,0.0867271697736586,0.4051030340203565,0.27950341940710105,0.02845030720483048
0.19485691441584901,0.0907329921280844,0.4015524225186834,0.28190158263397613,0.030956088303407032
0.19289137775651952,0.09243850659486992,0.40140263719133085,0.2817912337491295,0.03147624470815023
0.18937587612028525,0.09576120889288102,0.4036571676786362,0.2802125367698712,0.030993210538326304
0.18441369005985447,0.09965651215170661,0.40833207813287486,0.27779892432379394,0.029798795331770208
0.18328759664579256,0.1003021274407165,0.409506450476757,0.2774684351843249,0.02943539025240914
0.18623739940035466,0.0991310079108683,0.4059967881382016,0.27770946195738583,0.030925342593189666
0.18945320427366505,0.09849719165128827,0.4023479628643075,0.27758084570256614,0.03212079550817309
0.196960423507251,0.09840584968237996,0.3950753091812959,0.27732434028213243,0.0322340773469406
0.20961563634808106,0.09995711519086586,0.3824301765230487,0.2778582398063694,0.030138832131634895
0.21904926495068397,0.10220749309343558,0.3715917221868528,0.2788982912563807,0.02825322851264699
0.22364806225279305,0.10382830606804061,0.36612530727903786,0.27929942450171713,0.02709889989841136
0.2276333695890236,0.10566174954443545,0.3614274016228241,0.2790756905883937,0.02620178865532326
0.2320229169351587,0.10819658804480738,0.35586048060666453,0.27769314322096655,0.02622687119240275
0.23449794619630268,0.1099592095039366,0.3525754515658812,0.27607259310181426,0.0268947996320652
0.23399490489756195,0.10954738088849515,0.3531166808402312,0.2765362726770207,0.026804760696690945
0.23343528077353673,0.10904868526147611,0.3535073910484434,0.2771259409771511,0.026882701939392583
0.2346285549959963,0.11025102289007759,0.35288578204167115,0.2757110722563866,0.026523567815868322
0.2342639840492124,0.10981405249587055,0.3530685665708437,0.2762002907235926,0.026653106160480833
0.2326930033262688,0.10756729488923562,0.3538354132706612,0.27845427474490564,0.027450013768928774
0.23267465633148243,0.10753126399395187,0.35385076922722974,0.27848581547941603,0.027457494967919868
0.23280834784262627,0.10825142120227685,0.3532842802248751,0.2779510359007402,0.027704914829481585
0.2329453198701691,0.1062252975097302,0.35540947577747956,0.2790117592449204,0.02640814759770084
0.2330653528062197,0.10331134327136318,0.35799599263390025,0.2796106028298677,0.026016708458649174
0.23298314669111161,0.10168493920721736,0.35911864075935673,0.27940953967952326,0.026803733662791027
0.23289611620886833,0.10027670597185012,0.360115716882829,0.278842401997483,0.027869058938969484
0.23266906800458187,0.09740972022599863,0.3624422054167634,0.2772538408532202,0.030225165499435803
0.23222540938812186,0.09422003159093231,0.36549216085375336,0.27565610789600153,0.032406290271190866
0.23204328654962378,0.09227502389027323,0.36829245367981206,0.2752145800852665,0.032174655795024494
0.2321798269596092,0.09106026179611403,0.3712772150501314,0.27556909957023906,0.029913596623906184
0.23233673432124013,0.09044796017897161,0.3734935863514048,0.2761431628296999,0.027578556318683656
0.23234158297091825,0.0904297793424268,0.37357677696833624,0.2761636748318198,0.027488185886498928
0.2319451905052946,0.09062375251744664,0.37179421574779176,0.2763777990681018,0.02925904216136533
0.2303874285738802,0.09038854731473314,0.36982294300690566,0.2784039051771994,0.030997175927281663
0.2280847758135529,0.08976362174294211,0.3693927140259102,0.2819495074575176,0.03080938096007726
0.22474692658870732,0.08870076493097404,0.37134648158160644,0.28709408351484655,0.028111743383865666
0.22024882726367248,0.08716501392869784,0.37556798667954233,0.2922567716356187,0.024761400492468614
0.21747205083355692,0.08611136887031906,0.37918383490556834,0.29401677411630067,0.023215971274254964
0.2174107805143194,0.08608189750429962,0.37931807528682004,0.2940139199690947,0.0231753267254662
0.21776729777898354,0.08631856609031888,0.378137949080658,0.2944072513872805,0.02336893566275893
0.21861229356548098,0.0870711908253056,0.3746951931663714,0.2962928499573764,0.023328472485465556
0.2194356161332987,0.08807289169841882,0.3705107257368215,0.29898883335394,0.02299193307752095
0.21937580335775875,0.08797372825912289,0.37088799852936505,0.29875030440006045,0.02301216545369285
0.21864748123712058,0.08649819754699198,0.37572090545887393,0.29600640298163083,0.023127012775382677
0.21747431759685062,0.08390535945788749,0.382505357440431,0.2926236359830852,0.023491329521745558
0.2158482850903202,0.08021685012578113,0.3894389354060809,0.28943361857214966,0.02506231080566816
0.21433807305644145,0.07630528987341184,0.39409932633033573,0.2874680534811787,0.027789257258632172
0.21318773467610067,0.07163207029522604,0.3966860269190244,0.28728136838013535,0.031212799729513567
0.2128888783927184,0.06613171877542862,0.3952015472545251,0.2915939401180598,0.03418391545926817
0.21427026780027159,0.061727197638578424,0.38891573421328546,0.30161441174151643,0.03347238860634812
0.21763859711848993,0.05912856557257305,0.38068253047915757,0.3142558181142271,0.02829448871555223
0.22296540530143888,0.057667131010853176,0.3705468693050575,0.3273516081863007,0.02146898619634985
0.22931740738647227,0.057010376945441005,0.35887521763375857,0.33691191753659544,0.01788508049773268
0.23580095395106115,0.056905407624576416,0.3478397598430467,0.3406998201126818,0.01875405846863379
0.24320063775597497,0.05720888714342853,0.33789962742324386,0.3400392120598712,0.02165163561748129
0.2571040811001868,0.05833492426123189,0.3239558470800409,0.3342763473938601,0.026328800164680442
0.2827217255586597,0.06121274148303222,0.30279482333578406,0.32101839246299313,0.03225231715953088
0.3125850518044817,0.06529549099778502,0.2807385736260906,0.30663768922922213,0.03474319434242069
0.3427497961377561,0.0698483146960165,0.25998941245483526,0.2957825125615226,0.03162996414986942
0.3708212272401516,0.07420553554719739,0.23981169858687018,0.28978783857712387,0.025373700048656873
0.38528036131162674,0.07627266200984312,0.22809246185604687,0.28885880353753696,0.02149571128494622
0.3856788623955823,0.0763124283258437,0.22775824910445797,0.28887749516727124,0.021372965006844744
0.3800842556893959,0.07617006225443365,0.2321537722374693,0.2885847644887017,0.023007145329999625
0.37086680229822,0.0768850411467043,0.23870345306669702,0.2891801789973236,0.024364524491054983
0.35945220487546214,0.07916874014876067,0.24532800585412207,0.29223596622171194,0.02381508289994317
0.3477558719630426,0.08287270317639346,0.249635228201335,0.2976687191446664,0.02206747751456255
0.333595695916986,0.08850729140496666,0.25088962155302147,0.3057425598253072,0.02126483129971876
0.32112695867451424,0.09435360706214121,0.248696909835534,0.31337707690603683,0.022445447521773725
0.31296234235566905,0.09934653614688597,0.24545808466282795,0.3190099053879721,0.02322313144664497
0.30488754274236574,0.10628563120553257,0.24036620554273933,0.3255772358370878,0.022883384672274652
0.2977806701610614,0.11471964634136893,0.23388608452821197,0.3319456356829094,0.02166796328644827
0.2947388016417431,0.11995009662953311,0.22994125178246783,0.334680044635534,0.020689805310721867
0.2935028546431934,0.12333498719086752,0.2275208556217523,0.33551956127355786,0.020121741270628882
0.2917524502505894,0.12970678729436594,0.2229209828497966,0.33521764655165237,0.020402133053595745
0.2899161969023528,0.1363078040487214,0.2179661034305079,0.333205665357806,0.022604230260611983
0.28871066639578846,0.1410915928583372,0.21462162863487186,0.3312183951001604,0.02435771701084212
0.28736190111581195,0.1478518580867849,0.21080592711277513,0.3289592575005326,0.02502105618409548
0.28530539128438864,0.15666964648572548,0.20701379792942456,0.32782676135803634,0.023184402942425048
0.28336852262835077,0.16165297276521876,0.20545877307819096,0.3284524183357631,0.0210673131924763
0.2830946786653545,0.16206973226731294,0.20538858363531906,0.3286020171954763,0.020844988236537042
0.28244958587922425,0.16255808378854866,0.20539729456501976,0.32886127177517227,0.02073376399203502
0.28195632978667234,0.1626853191368797,0.20547225479205486,0.32896222097187855,0.020923875312514353
0.28376058421170613,0.16267080726636937,0.20478879134689676,0.32871016869169795,0.020069648483329688
0.2837975177501248,0.16267715781614292,0.20475791606202912,0.3287018914164854,0.020065516955217796
0.28164388512563204,0.16171567620834248,0.2077922460352907,0.32952750893606186,0.019320683694673057
0.2797964660383441,0.16017618734318242,0.21123255302739172,0.33033680302692203,0.018457990564159837
0.2781613481150588,0.1580144099366488,0.2148582280862078,0.33082099305979207,0.01814502080229255
0.2751282285337353,0.15257048135051543,0.22152340875018142,0.33079955448644466,0.019978326879123216
0.2708977842783989,0.14332975949669907,0.22975213009852194,0.33003673670055084,0.025983589425829238
0.26686473250692255,0.13113620834297554,0.23855230223455517,0.33012931861897044,0.03331743829657637
0.2655956980048821,0.11895152023055305,0.24706217923911386,0.3329802105268468,0.035410391998604296
0.2681357947564242,0.1073882215746609,0.25554599632950853,0.33856194896677966,0.030368038372626742
0.2739810649555949,0.09642057381018809,0.26292696617112243,0.34449352594139215,0.02217786912170235
0.28084406058786615,0.08797146368246744,0.2670216836203725,0.3468040268090484,0.017358765300245525
0.28847391707243286,0.08130886349935745,0.2686857122338948,0.345017772008942,0.01651373518537294
0.2993262670173788,0.07425206661335905,0.2685921947994029,0.3383640229806184,0.01946544858924097
0.31441367590213404,0.06679632715214803,0.26639916798242774,0.3264984142661918,0.025892414697098295
0.33306255646349625,0.06015611747609385,0.26278494430381855,0.3124650979847764,0.03153128377181496
0.35291026530749703,0.055454870107401605,0.2592941653197108,0.3007160306997681,0.03162466856562246
0.3736063275741073,0.0521826009904484,0.255859415504024,0.2915979955292159,0.02675366040220431
0.39159417488992687,0.050020275456393114,0.25188827128876684,0.28517033983199547,0.021326938532917755
0.39698200645242593,0.049440874466192046,0.2501578808001397,0.2834622083116657,0.0199570299695768
0.39127903030987615,0.05006668906335022,0.2525169375107403,0.2850420408136662,0.021095302302367155
0.38203250016011353,0.051259497636861814,0.25731724090897934,0.2870432866227674,0.022347474671277897
0.36982578329463267,0.05331774711497067,0.26544930129916916,0.28846853055538946,0.02293863773583791
0.35175194038940727,0.05723457559019332,0.2794683824716117,0.2880670329949344,0.023478068553853315
0.33354645278139977,0.0621142626624449,0.2946148104373558,0.28539337936705267,0.024331094751746767
0.31983945152425014,0.06682281717144922,0.30752654575455374,0.28232860894989215,0.02348257659985457
0.3086156362699214,0.07164880278795817,0.3192526295740893,0.2797418074673462,0.020741123900684985
0.29841174846448765,0.07632427190230513,0.3286777034505259,0.27819815686556554,0.01838811931711586
0.2933749467366666,0.07854864273763246,0.3320992197833011,0.278002357293662,0.017974833448737876
0.2941364206626501,0.07819936571341261,0.33168884575443314,0.2779459945781145,0.018029373291389674
0.29484873201086065,0.07783862818121293,0.33136798882314117,0.27780337971712493,0.01814127126766027
0.29526141855620597,0.07761563668337383,0.3312458339284756,0.2776740616516149,0.018203049180329705
0.29564371762872255,0.07739547946830891,0.3311997041021838,0.2775340284895395,0.01822707031124518
0.2955392633244513,0.07745958418677804,0.33119391975597673,0.2775664744463323,0.018240758286461614
0.2946205077351051,0.077966463241674,0.33093131663532493,0.2776836451382931,0.018798067249602722
0.29282152305257625,0.07860966493721741,0.3300591792900943,0.277730025692964,0.02077960702714813
0.290717903600508,0.07901338258385696,0.32901984839831827,0.27816441646165735,0.023084448955659434
0.28953243764473263,0.07913648346363338,0.3287321208251349,0.279061882903897,0.02353707516260213
0.2882263438549805,0.0791256349448223,0.32898641656769256,0.28122513446953334,0.022436470162971397
0.2856750662861561,0.07871219791898881,0.329494510979971,0.28589209976899416,0.020226125045890036
0.28462432181405256,0.07843693624998277,0.32964239610878915,0.2876595463619909,0.019636799465184724
0.2861520050783387,0.07905786861029088,0.32894922788269526,0.28487344119253977,0.02096745723613528
0.2867401829378742,0.07943450562414726,0.3284229869573695,0.2839124503315676,0.021489874149041265
0.28690206894795284,0.07955912698859532,0.3283001883652197,0.28382352126212834,0.021415094436103774
0.2879100359244401,0.08060662169926874,0.32737320402009273,0.2844726748550231,0.019637463501175408
0.2879383407375593,0.08068067478515101,0.32728234738613116,0.2845856740641473,0.01951296302701139
0.2880180571324695,0.07914033786803101,0.32953636544554304,0.2816824842927285,0.021622755261227977
0.2885486777970154,0.07732592938788783,0.33215738836570896,0.2788331307200896,0.02313487372929833
0.2894617201343182,0.0759376244664982,0.33395634058148976,0.27817139662177265,0.022472918195921135
0.2905658900928495,0.07530194206238047,0.33442604203377524,0.27949199572220007,0.020214130088794618
0.2917017017935611,0.07513084698005187,0.33371589674547886,0.281487798260483,0.01796375622042524
0.29269691905055867,0.07520500747126545,0.3315137764099134,0.2836419753454037,0.016942321722858825
0.293340610782275,0.07540968434428416,0.3288024483683118,0.2851089578560737,0.01733829864905527
0.2940943987449815,0.07575996789780501,0.3257866383728154,0.28628578560771384,0.018073209376684336
0.2958629311561731,0.07676126727225076,0.31952827531302946,0.28829194319643914,0.01955558306210743
0.29808369619994474,0.07819496638316242,0.31286546580282976,0.2900007250285675,0.02085514658549556
0.3005612157457897,0.07966866002453976,0.30833681970204335,0.29061393283907433,0.020819371688552805
0.30410503674890166,0.08155160494196813,0.3048083592581644,0.28997597151851473,0.019559027532451104
0.3091564842168209,0.08414540761064071,0.30172853177455167,0.28720834607891543,0.017761230319071404
0.313390085831487,0.08633052030387273,0.29998347800753333,0.2834005826687483,0.016895333188358893
0.31357387564829703,0.08642085370556912,0.2999434938481754,0.28319395891871185,0.016867817879246495
0.3119342211627481,0.08569019939159574,0.3000571395648598,0.2851818834711911,0.017136556409605215
0.3101434220371938,0.0849669632469707,0.3001844812325267,0.2875180963487572,0.0171870371345514
0.3070363386639631,0.08400867399165761,0.3007542157337454,0.291418645555957,0.016782126054676955
0.30334033055758075,0.08382919466385237,0.3013244168765729,0.2934826510470926,0.01802340685490136
0.3009277070889677,0.08483985805982279,0.3012640227319294,0.2918890071782516,0.021079404941028498
0.3002229148637575,0.08647266309268682,0.30115973477456476,0.289370483056862,0.022774204212128942
0.30058384339107197,0.08886413812748484,0.30100910175617834,0.28714803486119217,0.02239488186407267
0.30123119745342997,0.09104948217390733,0.3005230520252591,0.28657338617921757,0.020622882168185898
0.30128431210570916,0.0912388922909836,0.3004296833124949,0.28662958770982633,0.020417524580986054
0.3005721117014615,0.08817421198278216,0.30294923218499575,0.28474467738326253,0.02355976674749819
0.2995657168578056,0.08295520878230714,0.30915199662663395,0.28171827895649043,0.02660879877676286
0.29814672015794713,0.0763905130434867,0.31905629957837667,0.280724020515955,0.02568244670423456
0.29590704647903904,0.07029305747683931,0.32897725544516787,0.28406693857836324,0.02075570202059059
0.2935105614625595,0.06616448820794694,0.3351647318642554,0.2890526285152491,0.016107589949989076
0.29190631794171945,0.06400188565462234,0.3377255576171041,0.2923096728030977,0.014056565983456447
0.29190631794171934,0.06400188565462235,0.3377255576171041,0.2923096728030978,0.014056565983456447
0.2924512311108556,0.06537968594174551,0.3367455167051158,0.29128923248665706,0.014134333755626097
0.2923702106541519,0.0661080032025259,0.3362702591365541,0.2913699820994276,0.01388154490734048
0.2927215298820938,0.06558003655003122,0.3365520442454207,0.2907877212015206,0.01435866812093371
0.29379181330313714,0.0648602052625472,0.33690243684920124,0.28920559123243744,0.015239953352677025
0.29652111496537825,0.06397192292084054,0.3374973141243699,0.2860164937363429,0.0159931542530683
0.3013056090444778,0.06319025570579637,0.3380990257275292,0.2814727083202587,0.015932401201937955
0.3047619097403726,0.0629455807348549,0.3380780849028511,0.2788247953047125,0.015389629317208985
0.3074940060546965,0.06290218001179468,0.33741043582576374,0.2773224814474548,0.014870896660290291
0.3100664356851644,0.06293737432481418,0.33455098952706014,0.2771581122082304,0.015287088254730697
0.3102910543564758,0.06299839466983907,0.3303523086040611,0.2797769037303585,0.01658133863926555
0.3095838047060121,0.06307885969497501,0.3275722763799647,0.28298443101666887,0.016780628202379102
0.3084879555720309,0.06321715221590338,0.3251051239263392,0.28710748499237343,0.016082283293353133
0.3070299416345272,0.06340740628132037,0.3228665839396771,0.2915024352898519,0.01519363285462333
0.30714465344362313,0.06339103411169701,0.32299659057344177,0.291245230975087,0.015222490896150923
0.30880959765875354,0.06305521638727654,0.3243570022140134,0.2886503162021624,0.01512786753779393
0.31009529486255694,0.06258760344469907,0.32480723474840906,0.2877377410396551,0.014772125904679901
0.3095007252946413,0.06298739321114588,0.32510451418523073,0.28730301534672553,0.015104351962256696
0.30798991349653465,0.06441603427703889,0.327206620181274,0.28405631702621176,0.01633111501894069
0.3060365586836875,0.06641927322977517,0.33073041741939746,0.2793447485136629,0.017469002153476843
0.3011732719483572,0.07043192082589401,0.3375688124002197,0.27199737515676875,0.01882861966876034
0.2923422964153933,0.07562292662798127,0.34472009129142034,0.2666389484174118,0.020675737247793265
0.28656809754862295,0.07868122588088637,0.3483413910416153,0.2658445021528411,0.020564783376034318
0.28508156275804336,0.07960592166994684,0.3495235550035272,0.2659758463507888,0.01981311421769378
0.28350474825247357,0.0807382554248185,0.35102037254630486,0.2661130974748537,0.018623526301549398
0.283197853590241,0.08095004841774991,0.3512701590891394,0.2660771108150186,0.018504828087851057
0.287270319476094,0.07820979511765562,0.3483255999019728,0.2675071281545817,0.018687157349695668
0.2909602366972428,0.07574325124137526,0.3457871929556805,0.26910416460002706,0.01840515450567426
0.29127139175567107,0.07558503551062333,0.34567655325483215,0.26914977490103936,0.018317244577834204
0.2932494830508899,0.07492004504729581,0.3456134849102532,0.26862819244305214,0.017588794548509097
0.29976307996563933,0.0732229402085226,0.3458493173235349,0.26432543991269203,0.01683922258961106
0.3037240451909903,0.07238230520104884,0.3457568011213822,0.2604328840540756,0.01770396443250302
0.3039357517324074,0.07235369028604724,0.34574875440445557,0.26022451047714035,0.017737293099949415
0.3053629011754003,0.07224616804261527,0.34558375082285103,0.25912743637597674,0.017679743583156486
0.30499756534063815,0.07226297050594625,0.3457113720129659,0.2593021060488781,0.017725986091571513
0.30117111959450593,0.07235535938318607,0.3479809012789441,0.25988944484376547,0.018603174899598462
0.29704152747434137,0.07236734954276473,0.351112919354311,0.25959105851101394,0.019887145117568835
0.29611627960726045,0.07235441762455573,0.3520143604553625,0.25944883666238816,0.020066105650433035
0.2953154628142932,0.07232662956677019,0.35296439599943774,0.25938208726512374,0.020011424354375223
0.29280252294831066,0.07216465352777231,0.355854916941314,0.2596797624430538,0.019498144139549207
0.28951306818660716,0.07186329962876817,0.35893727554419574,0.2607632909306575,0.018923065709771564
0.2849286432091734,0.07136718888006453,0.36220412757359216,0.2629177118991038,0.018582328438066308
0.2763900437963184,0.07041249770174988,0.3664154625598862,0.26733698899291897,0.01944500694912671
0.2636496839760082,0.06914514750466388,0.37022982966725193,0.27367325244272833,0.02330208640934771
0.24916644724592074,0.06820768837771841,0.37298369431287776,0.280541779172057,0.02910039089142593
0.23287442877275946,0.06834137983401924,0.37580696590154367,0.2887570006009412,0.03422022489073642
0.21768837612268932,0.0705518645229203,0.37906601108372423,0.2981036493621779,0.034590098908488326
0.20666066435946656,0.07488515913973884,0.38223718326923095,0.30679186810403336,0.029425125127530434
0.20038789659715855,0.08023236057041516,0.3843855882538616,0.31238314209513796,0.022611012483426614
0.19865266986379432,0.08377695373307965,0.3851548621680912,0.31334861064616126,0.019066903588873557
0.1986330337917887,0.0843461705553823,0.3852320958978861,0.31308690850340926,0.01870179125153356
0.19874708040486416,0.08480819805291619,0.38521379718738397,0.3125679785502248,0.01866294580461083
0.19928759624684853,0.08621900175868835,0.3846476471553523,0.310299417957009,0.01954633688210182
0.19964275663956732,0.08693522929159805,0.38412406355497825,0.3090905288574762,0.020207421656380103
0.20114225346284684,0.08941736428554757,0.38171656400508175,0.3059881913582307,0.021735626888293096
0.20393539256995713,0.09412640319034206,0.3750373980180504,0.3041626375724498,0.0227381686492006
0.20513232776928986,0.09648769012338666,0.37020984559198195,0.30619157315443135,0.021978563360910166
0.20454128863757876,0.09540514175927366,0.3728707762929666,0.3035379523312245,0.023644840978956427
0.20333625636879948,0.09376442997462894,0.3781064132884613,0.2954073129716327,0.02938558739647759
0.2026404893325133,0.09342589880146633,0.3851053095336576,0.2827484059311829,0.03607989640117997
0.20349714243409758,0.09713089230779527,0.3929461943643059,0.2654589245140526,0.04096684637974885
0.2059469070803465,0.10558401484328386,0.39545443269896274,0.25052958217527993,0.042485063202126805
0.21003781089911186,0.11520492120920761,0.3949953050458267,0.24046776985274887,0.03929419299310494
0.21593224309678288,0.12571510846309478,0.3942315802317707,0.23171285524224208,0.03240821296610958
0.2229941988688098,0.13745769714410905,0.3916005385334743,0.2231244810411823,0.024823084412424697
0.22832598109624863,0.1468118002063558,0.386527800676371,0.21761152672186643,0.020722891299158056
0.23110459298550373,0.15232500012871675,0.38117237881921323,0.2157311335825136,0.019666894484052688
0.23160796392763297,0.15349906314837986,0.37946836903400705,0.2157423155299549,0.019682288360025158
0.231130829652563,0.1522027376998555,0.38192548073834526,0.2152560289304426,0.01948492297879364
0.2299479658830718,0.14888301592474515,0.389062097452928,0.21324897721301234,0.018857943526242725
0.2274985934710764,0.14322772466228925,0.4005089822485923,0.2101122917299268,0.01865240788811519
0.2253444591606219,0.13933853443714755,0.4069370148335448,0.2090827557659248,0.01929723580276099
0.2271446230484362,0.14220404277986767,0.40299047457957815,0.20876327295354832,0.01889758663856963
0.22948917760567458,0.14577252067600455,0.3986675166804718,0.20696123041632888,0.019109554621520006
0.22926452592254848,0.14545477822620803,0.39896380351686833,0.20723770110060524,0.019079191233769867
0.22688248739130384,0.14242531642473744,0.40061649642563674,0.21073575477747028,0.019339944980851637
0.22383103505627489,0.13884298516232635,0.40144458213026046,0.2157308987277049,0.02015049892343335
0.220482017023322,0.135127188831093,0.40150935393560155,0.22199678960696898,0.020884650603014573
0.21732692498004905,0.13219831825051398,0.40005507222162945,0.2284795115493445,0.021940172998463108
0.215754112936656,0.13193590331596972,0.39656524517371544,0.23142714077121768,0.02431759780244117
0.21612410226782283,0.13431788460775818,0.3924428097298127,0.2305583032200296,0.02655690017457657
0.21866044478902272,0.14067969007673822,0.38583580272594353,0.22614654024219466,0.028677522166100772
0.22294748262310135,0.150801113889565,0.37654783162016725,0.21970353784960228,0.030000034017564018
0.22670808608751858,0.1584086845421462,0.3714773755005696,0.21547275364572557,0.02793310022404007
0.228210632810515,0.1609184407973825,0.3705963148365774,0.21399632975639252,0.02627828179913269
0.22676543936775972,0.1586937704750552,0.37109551748469954,0.21564859888632176,0.027796673786163635
0.21898725353185683,0.14680917764056378,0.3742673114028166,0.2273136563278662,0.032622601096896395
0.20666459875551546,0.1277535046458988,0.38153188720983605,0.2502547944790803,0.033795214909669344
0.19537775963332069,0.10958519511143902,0.39195873254185243,0.27327013684867374,0.02980817586471403
0.1876507671289811,0.09564130827907565,0.4046393419696842,0.2877547157435693,0.024313866878689683
0.1829312461326421,0.08488522320710358,0.41968809880764396,0.2923692138553326,0.02012621799727766
0.18065804170149793,0.07677237212959591,0.4359929413627467,0.287951490744754,0.018625154061405486
0.18011760571540952,0.07048871189199284,0.45287514039774834,0.27721776656235525,0.019300775432494085
0.1807115047353388,0.06625587379098884,0.46711707644065165,0.26549324074415,0.020422304288870832
0.1814942162884498,0.06443445418245623,0.4744843029575688,0.25922525874109004,0.020361767830435012
0.182133183849865,0.06352532225380798,0.4784441672179717,0.25607481275031113,0.019822513928044176
0.18269963387850882,0.06276014811446082,0.48120127848372674,0.25396204080400514,0.01937689871929851
0.18295361034470986,0.06234933251565725,0.48208391166709846,0.2532709204872582,0.01934222498527623
0.18311100783196887,0.06209573429965576,0.48229220663395217,0.2531391798453552,0.019361871389068013
0.1837151178959388,0.061171588569800796,0.4813839899060069,0.2540417891037622,0.019687514524491447
0.1841085560870097,0.06034907029808336,0.47731172080424383,0.2570238157735507,0.021206837037112358
0.1842438347268342,0.060201363781836555,0.474926731886679,0.258845163265766,0.02178290633888421
0.18435124392603708,0.06022364179610774,0.47404424015825525,0.25965246458084434,0.02172840953875557
0.1845681579555667,0.06037068570955873,0.47247204409787635,0.26118848820800045,0.021400624028997936
0.1845681579555667,0.06037068570955873,0.47247204409787635,0.26118848820800045,0.02140062402899794
0.18444627502333277,0.060133729594247926,0.47375390197895484,0.25985803667073665,0.021808056732727805
0.18445815265578566,0.06029564679103598,0.4729937998250652,0.26061860159220973,0.021633799135903475
0.18420982399637456,0.06060155148160737,0.4713610496884582,0.26183526416712516,0.021992310666434894
0.18442553080687835,0.06044036883672986,0.4721189202522291,0.2613705361780031,0.02164464392615969
0.1847472928365521,0.06018721208607314,0.4727442510289758,0.2609299132274727,0.02139133082092621
0.1847871513861948,0.06015728379452661,0.4727673166078754,0.260895385155732,0.021392863055671084
0.18481352564196765,0.060142387753577574,0.4727668281771876,0.26087757970877345,0.021399678718493804
0.1846327957537465,0.06021219939481493,0.4727843020336262,0.26100367895057264,0.021367023867239814
0.18420257365876758,0.06032691032392807,0.47278818894052227,0.26132231354555135,0.021360013531230827
0.18221873683998568,0.06072705493626414,0.4725689485646847,0.26271960128617616,0.0217656583728895
0.17671528529835107,0.061745099527781025,0.4712486166651398,0.26592570098094565,0.024365297527782555
0.17117441087279772,0.06306710602870193,0.47040817311506655,0.26819480113827,0.027155508845163916
0.16744316320390773,0.06457956530888066,0.47193364583199404,0.26859634139740884,0.027447284257808683
0.16360333578870057,0.06726507908270271,0.4772819990988839,0.2665431406487363,0.02530644538097671
0.1610052913262115,0.06990976248459735,0.48337555787058045,0.2624882793336583,0.023221108984952336
0.16092295690496394,0.07001449054425622,0.4836352013235944,0.2622684371113848,0.02315891411580069
0.16111346934536075,0.06977168453292801,0.4830273825283189,0.26284488473091977,0.023242578862472565
0.16049020124487276,0.07035751151207933,0.48425519991440363,0.26154877679677974,0.023348310531864508
0.16063375485266876,0.07026706267126312,0.4841339427735585,0.2616751857026974,0.02329005399981215
0.16394948584042876,0.06874362050786864,0.48310940764011306,0.26142202950941607,0.02277545650217364
0.16871873318134525,0.06703053522047746,0.48267884688181656,0.2577014996670411,0.0238703850493197
0.17268309763271533,0.06594522692435137,0.48300509741001907,0.2531573301022659,0.025209247930648437
0.178654736616871,0.064707282584272,0.4840896461325357,0.24613864474741887,0.026409689918902343
0.18391360357456346,0.06381997948108181,0.4848783792187155,0.24099099073831462,0.026397046987324427
0.1844115797013707,0.0637444610918379,0.4849101093728062,0.24066696232266818,0.02626688751131699
0.18275352001466388,0.06401023275536605,0.4850694506247961,0.24115362716821678,0.0270131694369573
0.18064241096886063,0.06444444047862014,0.48599909200624264,0.24107171607512556,0.027842340471150827
0.17721990614334215,0.06541871313877512,0.4892753588950495,0.23994403230556,0.028141989517273373
0.1705680900076803,0.06778695973601775,0.4981943346287851,0.236584367002461,0.026866248625055836
0.15976715804711478,0.07175035199438506,0.5115222021789421,0.23148218070053792,0.025478107079020054
0.14866759019741801,0.07555992484478766,0.5212977926321599,0.2281768092721869,0.02629788305344737
0.14060850604804873,0.07825489226374455,0.5265035556135195,0.22750191494425298,0.027131131130434163
0.13205468242726526,0.08115135036241315,0.530602978460881,0.2288088416994424,0.027382147049998088
0.12471708367466515,0.0836887037471678,0.5327497914627229,0.23164873055633106,0.027195690559112848
0.12176410640226988,0.08479963186188928,0.5334321440202584,0.23332276753219441,0.026681350183387968
0.12035112167130928,0.0854088701443046,0.5338630904820713,0.2342365442529123,0.02614037344940243
0.11863356903955416,0.08622435824721668,0.5343959310770611,0.23521824685499618,0.025527894781171883
0.11704337756211897,0.08700295729392858,0.5346791116722994,0.23574371036965114,0.02553084310200203
0.11510196312388488,0.08796897304908688,0.5347199048214824,0.23576891672420494,0.026440242281341078
0.11171145890560835,0.0897327455562669,0.5343579538509795,0.23501805775589799,0.029179783931247302
0.10583474707200873,0.09296091814691998,0.5325022754186852,0.23396629792404708,0.034735761438339036
0.09859760479813928,0.0971012834290701,0.5275481647471193,0.2359273488613368,0.04082559816433446
0.09279059987422333,0.10070601370905934,0.5217843813997137,0.2423096898844166,0.04240931513258687
0.089100594215709,0.10332112177321998,0.5180344302214699,0.2504293575289789,0.03911449626062211
0.08692063797616875,0.10488606862635988,0.516177303090305,0.257427272131935,0.03458871817523149
0.08610114612051444,0.1052764088184439,0.5156608998732777,0.26020625507892764,0.032755290108836245
