0.7210473096846733,0.17889713188584497,0.0858272897303881,0.01048049969703726,0.0037477690020562403
0.7210725819709277,0.17886589288953647,0.0857932615415871,0.010523682422038723,0.003744581175909894
0.7208233037698293,0.17901627736817516,0.08591894831400529,0.010477105612639266,0.0037643649353509864
0.7205545886820508,0.17910376430893715,0.08598172236100633,0.010558192945051562,0.0038017317029542135
0.7208974603617235,0.17899427744230684,0.08592335026940999,0.010396405081175961,0.0037885068453837314
0.7211843640863905,0.17887715156235268,0.0858781589924468,0.010238474145479008,0.0038218512133307704
0.7214168024369558,0.17875926562447897,0.08584156308392903,0.010118178734891996,0.0038641901197441117
0.7219670542405657,0.17839537516551576,0.08574615789787103,0.009923202661161349,0.00396821003488607
0.7223240179030715,0.1780930885790295,0.08567656360014828,0.009903292637922653,0.004003037279827992
0.7223073850938071,0.17810737477797056,0.08567968160637633,0.009899913478926218,0.004005645042919823
0.7222308921015969,0.17816880750260763,0.08569315995130804,0.009876738162351158,0.004030402282136534
0.7224687190669672,0.17795376540209468,0.08564537765504147,0.009963577032047905,0.003968560843848783
0.7225500422078687,0.17785893482982074,0.08562428976190978,0.009995370963433023,0.003971362236967753
0.7217527127181642,0.17876084646000145,0.08582731901336507,0.009858925664547413,0.0038001961439218376
0.720600634973922,0.1797261112333744,0.0860425826870961,0.009947066140872528,0.0036836049647349482
0.7208534254957626,0.17953767948997523,0.08600614166401004,0.009909874817024702,0.0036928785332273556
0.7213832812176508,0.17910167685166056,0.08594554482153874,0.00985616637797181,0.0037133307311779835
0.7213591361202405,0.17912347311211707,0.08594726515709568,0.009856594928642961,0.0037135306819037787
0.7215321537725071,0.17895256679232474,0.08594449082092386,0.009867440332585426,0.0037033482816587766
0.7217540591371565,0.17869403391664354,0.08595724146797874,0.009898146626534949,0.003696518851686116
0.7217127559184876,0.17874724318913765,0.08595086007297735,0.009892578565427771,0.0036965622539697424
0.7215862775370866,0.17890135564937137,0.08591995752923529,0.009889511588491655,0.0037028976958151526
0.7219313854346999,0.1784783992817972,0.0860400755743794,0.009864347208173727,0.0036857925009497468
0.7224494534420582,0.17764320351691454,0.086335517875914,0.009813797322573883,0.0037580278425392907
0.7224807011862016,0.17757713566320577,0.0863629473306332,0.009810638372931505,0.0037685774470279988
0.7222566237385186,0.17796324597892557,0.08617543964523713,0.009843990358021514,0.0037607002792971883
0.7222866306882569,0.17792164887244474,0.08619830711900871,0.009840111953087623,0.0037533013672019426
0.7225244088914442,0.17750649702904484,0.0864347398649059,0.009849244821383154,0.0036851093932220593
0.7226073986522201,0.17715504394975462,0.08662812529227693,0.00991264237673957,0.0036967897290088457
0.722612323410614,0.17707906464515422,0.08666888609981539,0.009930515709557601,0.0037092101348586105
0.7226315329311603,0.17694530809129774,0.0867428106260822,0.009949819678325759,0.003730528673134028
0.7226765951034576,0.17683847069801578,0.08680836005506044,0.009935306944237086,0.00374126719922891
0.7226836743558066,0.1768366983050011,0.08681036613896645,0.00993000218598087,0.003739259014245158
0.7227537045151204,0.17687316364993116,0.08679733931748462,0.009862923957559666,0.003712868559904041
0.7149286113219231,0.20321569827394717,0.06682971768107367,0.011912286020748829,0.0031136867023073135
0.7150037229857696,0.20313297679450706,0.06684565899291976,0.011903482914361538,0.0031141583124421612
0.7147814888482626,0.20338946833513483,0.06679690354868092,0.011877787333169288,0.0031543519347526144
0.7147363220205055,0.2034510946672635,0.06678609921693612,0.011862548512584677,0.0031639355827102053
0.7149650093035417,0.20291104161608992,0.06687403971183187,0.01206164193734024,0.0031882674311964126
0.7147705454661147,0.2034624868745148,0.06678401859964252,0.01185645888767668,0.003126490172051112
0.7139649812102771,0.20462593029765172,0.0665838629103985,0.011615133230426102,0.0032100923512464164
0.7140951645119048,0.20448789086744382,0.0666083989751957,0.011617919366391836,0.0031906262790638664
0.7146238531897864,0.20383990031574453,0.06671929758095602,0.011580159128608212,0.003236789784904808
0.7144274621236169,0.2040911366566713,0.0666800052672781,0.011612994700325417,0.0031884012521082405
0.7143100402919236,0.20421256944442218,0.06666327913140095,0.011638193154121259,0.0031759179781320774
0.7150029329287411,0.20355675522354952,0.06673729365871761,0.011529654740071033,0.003173363448920677
0.7153981247895104,0.20317560933339568,0.06676541544140584,0.011514368979387426,0.0031464814563004952
0.7153420964434263,0.2032264665364757,0.06676483590138857,0.011511847985384717,0.003154753133324614
0.7158431750785874,0.20276429852080488,0.06673266742738986,0.011568072035920578,0.003091786937297013
0.7167698113840737,0.20160844470946443,0.06656522735579108,0.011823598902805038,0.003232917647865599
0.7171629457447508,0.2009773396269185,0.06642930814649903,0.011986753828621976,0.0034436526532096497
0.716835187284928,0.20129108278631283,0.06653157442145223,0.011954889126974651,0.0033872663803323506
0.7171287551384679,0.2011450736362605,0.06645827225830635,0.01192084829016471,0.003347050676800569
0.7188337440373315,0.20044092983063705,0.06600120673592243,0.011645948479844218,0.0030781709162649024
0.7196917811574192,0.2000408965360204,0.0657059397596787,0.011524720669892144,0.0030366618769896354
0.7196664825732577,0.20005156276630012,0.06571588718297164,0.011528384102629324,0.0030376833748413205
0.7196664825732578,0.20005156276630012,0.06571588718297164,0.011528384102629324,0.0030376833748413197
0.719800739839781,0.19999719706910077,0.06563445204783999,0.011513108408001498,0.003054502635276472
0.7197775305151125,0.20001145901786752,0.06565922938425173,0.011510745812205452,0.0030410352705627355
0.7196461828509383,0.20004406516225495,0.06578994418125265,0.011480193557573357,0.003039614247980488
0.7196068631920656,0.20003343236490884,0.06581546217564418,0.011469503631376254,0.003074738636005221
0.7195946966339798,0.20007544370334238,0.0657957963821276,0.011515327064382127,0.003018736216168026
0.7197247063507298,0.20001726132529976,0.06578208001571009,0.011463672959932654,0.0030122793483279065
0.7201532924367776,0.19972299104182215,0.06565418602775948,0.011487194579194882,0.0029823359144458177
0.7203823997912089,0.19944432911023743,0.06552282585933815,0.01164912711741898,0.0030013181217964707
0.72055038587776,0.19925952217273743,0.06542590987638933,0.01177583763147801,0.0029883444416351906
0.7209375495988182,0.19888634101302988,0.06522486777115091,0.012015249710551151,0.002935991906449657
0.7212098345466779,0.19864169934155584,0.06509827437035244,0.012134015357481789,0.0029161763839319
0.7517923890911805,0.1493818962211906,0.07458328619579412,0.01942573758850436,0.004816690903330461
0.7521591532049379,0.14901396954159782,0.07445173721814756,0.01964440680647267,0.004730733228844042
0.752269784422821,0.14887785570588205,0.07440517244599205,0.019697590063130644,0.004749597362174241
0.7523186523184164,0.14882642101895505,0.07438926417802319,0.01970160888521462,0.004764053599390806
0.7527529492131757,0.14849112457839572,0.07430912355970176,0.019615419377655822,0.004831383271071018
0.7539041003984706,0.14768958874314786,0.07421503204788434,0.019237177750093943,0.00495410106040339
0.7547649404613449,0.1470843800321016,0.0742337216680138,0.018881560375512117,0.0050353974630277555
0.7545974443729774,0.14717343677262842,0.07421769237712966,0.01895790975472984,0.005053516722534737
0.7550591022849776,0.14698378959491903,0.07427859404143082,0.01874062612835853,0.004937887950314014
0.7561875402742951,0.14638309479391828,0.07451500064782778,0.018167196091136657,0.004747168192822177
0.7563390276131401,0.1462361265394454,0.07457181457486955,0.01808138202358287,0.004771649248962109
0.7559253497312138,0.14670502789078943,0.07441016327066557,0.01826616522266691,0.004693293884664242
0.7554422540450563,0.14715035958841224,0.07429251872176763,0.018359916695748272,0.004754950949015717
0.755268051475794,0.1473451072821427,0.0742667916052061,0.018323192190989622,0.004796857445867638
0.7551512885908758,0.147628959397131,0.07427344323136513,0.01814258726684803,0.004803721513779927
0.7550258657424203,0.14820985994863098,0.07438032085353176,0.017624094536221664,0.004759858919195367
0.754781095021495,0.14878467211301658,0.07458241020667486,0.01709466763241822,0.004757155026395376
0.7547187300555088,0.14888164547877988,0.07463025142428752,0.017015159880548112,0.004754213160875445
0.7548855223448497,0.1485607038988002,0.07445306224548615,0.017244133728893163,0.004856577781970882
0.7549873702598989,0.14838657202719663,0.07435498160822097,0.017331911180201314,0.0049391649244821265
0.7550001991470896,0.14837833035834902,0.07435001975577801,0.017331189970070753,0.004940260768712731
0.755365380261227,0.14824355429275513,0.07426885132865158,0.01720256613707782,0.004919647980288526
0.755696690092848,0.14809666036622532,0.07420568067831378,0.017024259422654654,0.004976709439958108
0.7556714507413488,0.14810624730822122,0.07420781599544103,0.01703717673723406,0.004977309217754834
0.7556325792458145,0.14810996585151232,0.07420666452141204,0.017046452616625598,0.005004337764635528
0.7557423370273657,0.14810643612062063,0.07423288454219706,0.017095029838830277,0.004823312470986338
0.7555816921957409,0.14809882335885716,0.0742588007170511,0.017212893140522358,0.004847790587828485
0.7557985765249332,0.14809084539792616,0.07423593092283923,0.017131335892064028,0.004743311262237387
0.7559740338112658,0.14801156300714685,0.07419769780158124,0.017163636508245986,0.0046530688717599305
0.7559736981760304,0.14803491776400646,0.07420516045950686,0.01713518722863308,0.004651036371823052
0.755977599645284,0.1482491485854454,0.074270671705591,0.016868633616706617,0.0046339464469728415
0.755755709639306,0.14862594041839192,0.07439044258923197,0.016509359284183695,0.00471854806888636
0.7553594400789885,0.14897484228784108,0.07450417379825591,0.016347784005739004,0.0048137598291754895
0.7552544600332392,0.14906998499417717,0.0745329504901251,0.016343689132196724,0.004798915350262028
0.7552338925829631,0.1490920092862018,0.07453859237534827,0.016348163622199107,0.004787342133287678
0.7548696357732426,0.14937558845694487,0.07459804071860136,0.016466804182087215,0.0046899308691237184
0.7542867661418763,0.1496605175739924,0.07464543817885007,0.016638663889225205,0.004768614216056258
0.7548585403206471,0.14939427665274568,0.0746117652212175,0.01650625397120611,0.00462916383418361
0.755296580342562,0.14908947004263953,0.07457735557219024,0.01644783487970293,0.004588759162905385
0.7549011526658879,0.14950211290199342,0.07463173579967557,0.016462904481659362,0.004502094150783687
0.7544844249596969,0.14995933916126036,0.07470302152670306,0.016471655940288706,0.0043815584120508975
0.754674336231779,0.14976376270616681,0.07467242409597263,0.0164752527921581,0.004414224173923471
0.7551769726684979,0.14926756204247937,0.07460718577366242,0.01652751786762571,0.004420761647734428
0.755319415969479,0.14914189347377566,0.07459439146139137,0.01654687742097683,0.004397421674377383
0.6883797776718514,0.2543004017064616,0.030028257499792713,0.020482335738211066,0.006809227383683142
0.688534147923489,0.2540219105309997,0.030133043308631372,0.02050842388022501,0.0068024743566548985
0.6889095607895727,0.2534321935883961,0.030378825330903234,0.020522376824650846,0.006757043466477028
0.6894160937425181,0.2526418498201856,0.03073375482209688,0.02048204863933848,0.006726252975860881
0.6897460259181675,0.2521645878432078,0.03095959296055753,0.020409147238149617,0.006720646039917466
0.6901165009798718,0.251711114280927,0.031179211001650494,0.02028394889211571,0.006709224845434978
0.6908569718429954,0.25068940594383865,0.03165481395556716,0.02000064094677886,0.00679816731081996
0.6911691711786218,0.2501563218054258,0.03188209579312054,0.019892281516496302,0.006900129706335562
0.690786640589905,0.25053236101464577,0.03174220885156162,0.020008129740599626,0.006930659803288058
0.6906604245099922,0.250599053822548,0.03172623460156478,0.020043838780212042,0.0069704482856829866
0.6911213399128965,0.2503457475545171,0.0317285621408106,0.019945169542360905,0.006859180849414884
0.6910164423991151,0.2504238725719932,0.03174869177027552,0.019952889572627055,0.00685810368598937
0.690582518229624,0.2506931850885604,0.031937469858981535,0.019950975087483756,0.006835851735350335
0.6905233558500453,0.2507262672832461,0.03198023873320878,0.01994251147337815,0.006827626660121478
0.6906135985628754,0.2506128277692748,0.031802451259026615,0.02004306794391561,0.006928054464907445
0.6906166390052969,0.25059124867926713,0.03175935345090345,0.02008071205433275,0.0069520468101997995
0.6905984471608797,0.25060323830983955,0.031822059653139806,0.02001986392029558,0.0069563909558453116
0.6906712328457206,0.25061911804496423,0.031698963324373976,0.02013927233056445,0.006871413454376713
0.6907566067258936,0.2506788826203335,0.03150656105461229,0.020312818696536256,0.006745130902624407
0.6907538359037451,0.25066079845203343,0.031548199907891775,0.02029083768507384,0.006746328051255926
0.6907077167253235,0.25044533955904297,0.0318510967605747,0.020381900824402107,0.006613946130656682
0.6906040057845576,0.2502641823962276,0.032006215119438526,0.020576933772751684,0.0065486629270245155
0.6906388932489312,0.2503199080286361,0.03197433159025688,0.0205116463649858,0.006555220767190189
0.6904782800027487,0.2500513366867596,0.032083156920152706,0.020802424859293678,0.006584801531045435
