0.7094774233454867,0.25481112250895527,0.025232875425556443,0.007844502753188504,0.002634075966813012
0.7094977695416874,0.254799227554809,0.025208820439092196,0.007860372446329592,0.002633810018081627
0.7095377983564506,0.25477364313691486,0.02514337910931045,0.007922473503087783,0.0026227058942364743
0.7094887031627591,0.2547303037122084,0.025059290491550028,0.008072913537560476,0.0026487890959221013
0.7092095842455102,0.2546669939387138,0.024999180302408705,0.008360836464326738,0.0027634050490406245
0.7088541318579915,0.25464418425151963,0.025006517018421666,0.008646483517489608,0.0028486833545775425
0.7085029509778081,0.25469957511085184,0.025074443528768343,0.008882980584344011,0.002840049798227541
0.7080690023230968,0.25489025574296525,0.025241905937057142,0.00903808009408013,0.002760755902800728
0.7074859031376824,0.2552574182623713,0.025545547709891807,0.00898012252790033,0.0027310083621541674
0.7068004568239192,0.25578771252119287,0.025960351486437033,0.00864727941230371,0.002804199756147104
0.7058187432887403,0.2566278172574643,0.026586487721212766,0.008008635422286433,0.0029583163102963415
0.7042762554925636,0.2577876532879052,0.027460090511080098,0.007270603265523523,0.00320539744292753
0.7025522520398643,0.25890109941953604,0.02829139284400961,0.006858693543893384,0.003396562152696707
0.7008413133217419,0.25996319912223814,0.02901579870364587,0.006769344973648931,0.0034103438787251544
0.6987211859950218,0.261234096089786,0.02978697392042633,0.006999379614043111,0.0032583643807228666
0.6965162756578577,0.2625067742712133,0.030463255832675815,0.007473606093858583,0.0030400881443946814
0.6952081016063295,0.26333379979633037,0.03081204119177515,0.007774732192750457,0.002871325212814528
0.6941983983205704,0.26409234694843275,0.031042333927656,0.007924917829824404,0.0027420029735163182
0.6923621284531882,0.2655293636834334,0.03136211451265416,0.007983178498715245,0.0027632148520089265
0.6900455270257875,0.26724690779179966,0.031657986136990876,0.007882010492369172,0.0031675685530528816
0.6877093709664526,0.2690558094839464,0.031898850341170015,0.007684297004243104,0.0036516722041880453
0.6847258185841951,0.2716046821397048,0.032182421106841996,0.0074717614777239805,0.004015316691534184
0.6814279841330161,0.27455408703847106,0.03249650511220762,0.007496923236552194,0.004024500479753128
0.6789839082174873,0.27688802979663063,0.03272357662816931,0.007686899243439795,0.003717586114273063
0.6770142647636417,0.27897178349525203,0.032879903397792495,0.007874635335136026,0.0032594130081778096
0.675213541665579,0.280956723298848,0.032969154234270215,0.007984280582953451,0.002876300218349256
0.6735257292984282,0.2827476340381185,0.03297968512642266,0.007965815053650098,0.002781136483380398
0.6712232440167468,0.28494410300946765,0.032894646523902706,0.007810666711044121,0.0031273397388388575
0.668920952107053,0.28700432521087915,0.03271993804371793,0.007607112654935348,0.0037476719834147075
0.6671270669211389,0.28883910863845164,0.03248318156920448,0.007422546427964733,0.004128096443240266
0.6654440994533523,0.2910856629687966,0.03210796673937034,0.007282471057157541,0.004079799781323259
0.663978831219128,0.29347178524266243,0.03161263838641117,0.007310789006739266,0.0036259561450590135
0.6629670967351083,0.2952612240589776,0.03113736501890043,0.007436802737062953,0.0031975114499507196
0.6623010305205009,0.2965008845180013,0.030708161641556465,0.007517829916472576,0.002972093403468728
0.6616317893657304,0.2977530082728465,0.030151746307539532,0.007526639330744305,0.002936816723139286
0.6609404819988016,0.29899429821791074,0.02946705417406078,0.0074341333291578215,0.003164032280069064
0.6601533376357375,0.30035166919486694,0.028578344916099653,0.007239931609981985,0.0036767166433138133
0.6592766514471781,0.3017932253608632,0.02751490579436593,0.0070468495052599155,0.004368367892332825
0.658791732410205,0.3028694143700913,0.026706393323147656,0.006989554036849578,0.004642905859706569
0.6588009984780655,0.3036841493310145,0.02615725338693747,0.007003614001651213,0.004353984802331378
0.6591199718067302,0.3044039746121428,0.02572361831189101,0.0070764807648921214,0.0036759545043439277
0.6593918250329799,0.30485150364422475,0.02542953712863632,0.0072348581527636735,0.0030922760413952797
0.6592389990453038,0.3048432587040182,0.02529453950996524,0.007529941772296132,0.0030932609684168697
0.6586121690270165,0.30432028407472766,0.025384739822880874,0.007915759895782231,0.003767047179592734
0.658255736038681,0.30382555902829533,0.02558075144380049,0.008121704412214145,0.004216249077009114
0.6582903331838993,0.30354420729521725,0.025764295711474504,0.008151234075852918,0.004249929733555998
0.6584486213576967,0.30341912226022794,0.025881827944403496,0.00810554909755669,0.004144879340115095
0.6586295012502265,0.30331332070870776,0.025985315352354547,0.008029963290129704,0.004041899398581464
0.6593733862098048,0.3025489479177803,0.02655684239392361,0.007629813678293409,0.0038910098001979057
0.6598276077308258,0.30076173278723833,0.027589809253274363,0.007332297341587764,0.004488552887073682
0.6599192337320523,0.299339990096079,0.028345500524450777,0.007400780197165814,0.004994495450252268
0.6599682784080142,0.299203459480791,0.028421237135372143,0.0074114998375110815,0.004995525138311618
0.6599635497130396,0.29920898408800173,0.02841811971035661,0.00741181076400591,0.004997535724596187
0.6606276481186951,0.29848711915572623,0.028761078734761584,0.007276186406428748,0.004847967584388384
0.661236309654896,0.29761855368780077,0.02907140847864487,0.007082746852501323,0.00499098132615698
0.6616635136128968,0.29705247297160653,0.029228409447040082,0.0069447780298051934,0.005110825938651456
0.6625421761345677,0.29620651638748796,0.029410971023527074,0.006768753461428971,0.00507158299298833
0.6637985650850499,0.2950438789462046,0.029573607276836066,0.006740641246925684,0.0048433074449837675
0.664575434617023,0.29404073718137164,0.02962205634842834,0.006935328557125588,0.004826443296051526
0.664847068651087,0.2935404511793052,0.029599342295428203,0.007095082135898505,0.004918055738281106
0.6651362889772142,0.2930429768490541,0.02952944009159711,0.007288510611099821,0.005002783471034612
0.6656783307057912,0.29240318521794045,0.029375174329021304,0.007582753698280161,0.004960556048966811
0.6663308191214553,0.291860862977789,0.029182141061546405,0.007855277835309694,0.0047708990038996734
0.6669259323482003,0.29142951144512785,0.028977076126800547,0.008039022391028739,0.0046284576888427145
0.5816626455808542,0.3023351816419275,0.07423965340326284,0.030308010709099,0.011454508664856394
0.5821645666589031,0.3019504337748441,0.07405684008675385,0.03031072356885971,0.01151743591063907
0.5834287441981282,0.30102379592401707,0.07375683150853463,0.030353773757231008,0.0114368546120892
0.5840487653890876,0.3005177673788705,0.07367626817492831,0.030419135820044876,0.01133806323706878
0.5835019788117914,0.30101448167857126,0.07368704246511015,0.0303585823413908,0.01143791470313626
0.5825722795475067,0.30189631979705234,0.07360024498251135,0.03035259224448505,0.011578563428444499
0.581343059265178,0.30305551072098325,0.07335273999948203,0.03057031746074928,0.011678372553607382
0.5790808214974483,0.3050514197218487,0.07270956166354671,0.03146933825550159,0.011688858861654718
0.5768173661679951,0.30699727922541986,0.07191930964729372,0.03281402215174843,0.011452022807543143
0.5763023826801847,0.30753882849799064,0.0716814285403542,0.03319048723974967,0.01128687304172078
0.5762428796598349,0.30762577852261963,0.07164198657258766,0.03323142445464644,0.011257930790311236
0.5761741984230982,0.307740459802212,0.07158516297085189,0.03324856599243494,0.011251612811402915
0.5759369102250617,0.30811338067212796,0.07137988634617776,0.033163988774731444,0.011405833981901163
0.575331518947369,0.30915147637598034,0.07081663206676465,0.0326109674100869,0.012089405199799222
0.5749459914952367,0.31046800286872944,0.07025984240675677,0.03182446157755801,0.012501701651718903
0.5748854856353933,0.3131609444934774,0.06952639227900481,0.03064105508522074,0.011786122506903493
0.5743626380098414,0.3170436207866292,0.06894760336927196,0.030205964204074343,0.00944017363018302
0.5729873263001601,0.31854776603051727,0.06894971707984061,0.030925613875543857,0.00858957671393792
0.5742838160566138,0.3178521707602309,0.06876713097608367,0.030323731361981146,0.008773150845090732
0.5755441676727965,0.31628504497489807,0.06817339231042899,0.03068824992612509,0.009309145115751498
0.5754583036254,0.3156357525374354,0.06785827830144785,0.031668429173961885,0.009379236361754875
0.5751886501866798,0.3157272142826538,0.06828695254248755,0.03054490626283619,0.010252276725342508
0.5738835998427705,0.3148478618616753,0.06908743414302722,0.02988748403711439,0.012293620115412695
0.5731059671444119,0.31400524218874865,0.06978508085767783,0.03014399477090105,0.01295971503826057
0.5728410265942231,0.3130748645154951,0.07072447252750542,0.031019124290871412,0.012340512071904997
0.5729423237719387,0.31227308269085857,0.07152650339845844,0.03191130572815918,0.011346784410585103
0.5730527560216565,0.3114383143809518,0.0721664810918713,0.03252743919849217,0.010815009307028335
0.5731291774009613,0.31046360663785066,0.0727128741866757,0.03279640676062533,0.010897935013887097
0.5731418982465208,0.31042429232444707,0.07273164215981204,0.03279010748213572,0.010912059787084243
0.5732391358352216,0.31032051821072726,0.07277977427512432,0.03272676934357352,0.010933802335353354
0.574857045658705,0.30905231680482875,0.07326957754688576,0.031839163472079886,0.010981896517500764
0.5767536042754776,0.3070225740704769,0.07374673126012052,0.03124871068226614,0.011228379711658886
0.5774687993572032,0.3059296390077709,0.07387440414483229,0.03138159376859488,0.011345563721598477
0.5772612755794736,0.3062215837333251,0.0738655303096588,0.03126463664456043,0.01138697373298204
0.5768124181174358,0.30671387520304416,0.07389169645755952,0.030996314223954022,0.01158569599800658
0.5767218502935682,0.3068085658134676,0.07390432355427574,0.03094918870995381,0.011616071628734697
0.5766563054373688,0.3068824074935748,0.07391862029894897,0.030929159928123923,0.011613506841983463
0.5756637563878954,0.30781377678066685,0.0741483030924896,0.031024415806620406,0.011349747932327875
0.5755066180500055,0.3079121534232255,0.07417751837359905,0.03108440820015119,0.011319301953018945
0.5780748062498761,0.30662649103999046,0.07379878327388376,0.029836139345337385,0.011663780090912464
0.4373717349512318,0.37835790394144136,0.11870079180132659,0.03930784574224382,0.02626172356375627
0.4368680478077783,0.3794229246126307,0.11808570432063388,0.03948830500994692,0.026135018249010062
0.4347247181927332,0.38369131103117016,0.11579235434412294,0.03968404820645147,0.02610756822552227
0.4321807863255808,0.3870124109145617,0.11383700853846601,0.039863731746006,0.02710606247538546
0.4320668749422525,0.38716950521807947,0.1137527944061794,0.03985710549530363,0.027153719938184873
0.432322548350304,0.38652442937518905,0.11400651087417046,0.03998309535570547,0.02716341604463104
0.4320740151484549,0.38781572351832844,0.11362149497516823,0.039623512518108875,0.026865253839939724
0.4314825716831691,0.3912521305971176,0.11270993060727182,0.03856275630843782,0.025992610804003665
0.4303768742127358,0.3948371272183887,0.11170197710614328,0.03743741281453627,0.02564660864819594
0.4300243468774533,0.39554030022772235,0.11147973893179133,0.03721206732400813,0.025743546639024912
0.43126243321183455,0.3932296303552423,0.11220939220027906,0.03800508545115328,0.025293458781490714
0.43270856013556547,0.3897525976567243,0.11318221055881753,0.039181076022580245,0.025175555626312515
0.4333863021735511,0.3879458939183842,0.11364961859461922,0.03961895871095374,0.02539922660249185
0.4334067115611572,0.38790995232840386,0.11365953456546238,0.039618445649970725,0.02540535589500589
0.4340469685476147,0.38725930048792107,0.11385879430127906,0.03931593464263491,0.02551900202055005
0.43588328549815697,0.38588217361038984,0.11423690679357978,0.0381440645087576,0.025853569589115822
0.4380965657138656,0.3843269845733303,0.11448181282957594,0.03692062334285871,0.026174013540369457
0.43993897765321993,0.3830607453652438,0.11444543169125844,0.036589036550916165,0.025965808739361704
0.44093134898232533,0.38249733427315,0.11421050054029472,0.03690788384742286,0.025452932356806877
0.44105925651212613,0.3824670729254069,0.1141387637200116,0.03697022139242825,0.02536468545002725
0.44078339897139995,0.3824062974589741,0.11439801045233451,0.03694121503955242,0.025471078077739018
0.4404797151073776,0.38219469602828005,0.11478995803570258,0.03710038117037633,0.025435249658263256
0.4402901842093473,0.38197870384965726,0.11507056420831617,0.037285557307266945,0.025374990425412327
0.44036351370612836,0.38209222091354583,0.114949938137,0.03720523402456472,0.02538909321876103
0.4403137096873032,0.3819866806912494,0.11505386482986518,0.03725612763624711,0.025389617155335262
0.44006708817321855,0.3811738045907509,0.1158534948036703,0.037464421802549615,0.025441190629810883
0.43992303007468864,0.38004327517952863,0.11700243148369059,0.037523457611631776,0.025507805650460534
0.43997405213250257,0.3793028710437148,0.11778025526031786,0.03741431870702418,0.025528502856440618
0.4401506386693252,0.3785487999647388,0.11854531673777038,0.037189604609656826,0.02556564001850861
0.44047302176178144,0.3774943504880631,0.11947431395471399,0.03687063701026765,0.02568767678517392
0.4409872377586223,0.3759707173582271,0.1205827308031436,0.036614740556067775,0.025844573523939197
0.44186439419332374,0.37322570096763047,0.12215084402984966,0.036806142423116875,0.02595291838607911
0.44239729492891927,0.3718394114240184,0.12278616651088484,0.03713694737159521,0.025840179764582166
0.4419423373610113,0.3724021256574398,0.12255836422106942,0.037056517499340996,0.026040655261138544
0.44209270820819524,0.37229272373903866,0.12258506596784383,0.03702864524739957,0.02600085683752279
0.4436020855317473,0.37100428543965974,0.12249940639151664,0.03648622367374813,0.026407998963328176
0.44505465272493966,0.3693599749475102,0.12204117915127567,0.036033553695142675,0.027510639481131884
0.4464514492909079,0.36809916953317257,0.12145363853647588,0.03599044527640712,0.028005297363036682
0.4479450791901255,0.3672649978131604,0.1208131399398699,0.03631694675611065,0.027659836300733674
0.44832573546538035,0.367119847001392,0.12062525458748707,0.03643540428851009,0.027493758657230475
0.44810852038715576,0.3671899187015289,0.12076415038842084,0.036383452387320464,0.027553958135574028
0.4483358371231907,0.3671119023697124,0.12057165183225989,0.03640825873504654,0.02757234993979044
0.44767741142163936,0.36723936838517285,0.12114779982781287,0.03645820386705644,0.02747721649831875
0.4465313687964508,0.36716961403913306,0.12197960313816728,0.03671938603437841,0.02760002799187043
