0.7446305102209247,0.19628363354093006,0.04310164713736125,0.011985331370080655,0.003998877730703326
0.7484891868230208,0.19348693047123083,0.042517837090465645,0.0121114856073288,0.0033945600079538785
0.7510649223982188,0.19109386109974957,0.04213649657238029,0.012276076288034331,0.0034286436416171052
0.7526275334446936,0.18946713941470056,0.04192677371795793,0.012327940138866565,0.0036506132837813643
0.7538307880708587,0.18828258542038293,0.04180097155771009,0.012291944148139427,0.003793710802909006
0.7562432335377831,0.18601587938950023,0.04163405539729608,0.012183327452610906,0.003923504222809751
0.7599864384903624,0.18209961467444477,0.041558666409469244,0.012291868866987693,0.004063411558735765
0.7626730066307964,0.17895038380736217,0.041698058476029067,0.012666264628575355,0.004012286457237017
0.7643079934788987,0.1771618614991137,0.04188247982789828,0.012901363348173081,0.0037463018459162087
0.7664560700933486,0.1749053287412963,0.04223921131440231,0.01308317461870235,0.003316215232250364
0.7685206397353651,0.17236770080715258,0.04276722982539821,0.013115332608018953,0.003229097024065163
0.7695842244486115,0.17084479031174804,0.04315062521763055,0.012988647770875678,0.0034317122511344452
0.7697968944682161,0.17058277238346595,0.043227631731962396,0.012929939198038462,0.003462762218317143
0.7706490208050912,0.16974741988954645,0.04350867892396006,0.012647208545937476,0.0034476718354648347
0.7724180017687785,0.16797627485300048,0.044163905686950514,0.012102007212467594,0.003339810478802994
0.7730667248033548,0.16722340772313626,0.04445147368961167,0.011953101050460697,0.0033052927334365403
0.7731292744174709,0.16715147621817175,0.044478129308028774,0.011943941541089648,0.0032971785152390415
0.7734514085961668,0.16679153592237383,0.04459861151047003,0.01191656367596879,0.0032418802950204477
0.7736219868291283,0.16658513077085682,0.04465356969703126,0.011908255828011036,0.003231056874972597
0.7736822414814631,0.16650562441806457,0.04466602391070261,0.0119040135516919,0.0032420966380777697
0.7739047571431436,0.16618803514380365,0.04466825986498089,0.011889636143343166,0.0033493117047289182
0.774249797888619,0.16564056879637756,0.044568691714662705,0.011963731477430078,0.0035772101229106083
0.7745354838563797,0.16524684819330585,0.04438125737156626,0.012210065474064063,0.003626345104683949
0.7747713083685629,0.1650733797409148,0.04417126177340475,0.012516185743746296,0.0034678643733711523
0.7749808542350102,0.16498641011202414,0.04380180813827699,0.013029351931830961,0.0032015755828577745
0.7748795191378955,0.16500943431431433,0.0433052530183731,0.013628027249461785,0.003177766279955373
0.7747492391257254,0.16509821397882776,0.04301431673696923,0.013852703588573413,0.003285526569904368
0.774757182218868,0.1651527246039154,0.04293026555581219,0.01386157913546385,0.003298248485940452
0.7750245976370785,0.1655356740525926,0.04254581525676529,0.013667528084360591,0.003226384969202819
0.7754852469187511,0.1664372651333953,0.041834669781617775,0.013075542334709015,0.0031672758315268662
0.7755312160463095,0.16730173613429525,0.04125743524465401,0.012563150245811104,0.003346462328930047
0.7754313713235634,0.16781014088135301,0.04097371657218895,0.01233953009860901,0.0034452411242853285
0.77531808684135,0.16831463642307246,0.04074627005566204,0.012214643669460526,0.0034063630104551263
0.7750071312823316,0.16914695499302987,0.04044761158977058,0.012195301837884233,0.003203000296983877
0.7746697509867596,0.16965577504417959,0.0403020701845304,0.012267953994900242,0.0031044497896302397
0.7745327468355764,0.16981422809847102,0.040265695910419355,0.012289130238487801,0.003098198917045413
0.7740041725504369,0.17034255212385685,0.04017745669510205,0.01230018859624514,0.0031756300343588773
0.7731461543856002,0.17113225430226708,0.04011504800052651,0.01223713193266665,0.0033694113789394125
0.7724536838262746,0.1718382654964854,0.0401281668785298,0.012131496359033852,0.003448387439676596
0.7719222020040377,0.17248619084985048,0.040193867081194413,0.012021195755448893,0.003376544309468554
0.7713801303040909,0.17310258706341725,0.04029752604885302,0.011951696087688517,0.003268060495950212
0.7710144191106204,0.17341813973354545,0.040367103800766364,0.011953950878984215,0.0032463864760837163
0.7711971943279411,0.1732806520665165,0.04033358277076167,0.01193926295912135,0.0032493078756594307
0.771399443987515,0.17311863264972488,0.040294273574020746,0.011915830663073255,0.0032718191256660687
0.7711780540268067,0.17329422122218122,0.04033915118122572,0.011948189444125883,0.003240384125660551
0.7710420594045809,0.17338744916393975,0.040365964470180184,0.011965100308936556,0.003239426652362711
0.7713203131043502,0.17319903547987187,0.04030893378390783,0.011967727399708824,0.0032039902321612116
0.771251118896821,0.17324943277387184,0.04032515461425347,0.011953545682947712,0.0032207480321060273
0.7706635159897074,0.17364451727904726,0.0404855044339885,0.011814105348346185,0.0033923569489106007
0.7702628653088187,0.17391635616388967,0.04062738639461557,0.011755234319230505,0.003438157813445566
0.7702280683086349,0.17394928348675426,0.040646681466715504,0.011753176108549873,0.00342279062934551
0.7702174787555838,0.17396117772803818,0.04065421286121301,0.011754007447626114,0.003413123207538784
0.7702274024738035,0.17395454454455048,0.040649378256094666,0.011752496160331267,0.003416178565220203
0.7707520814831136,0.17372750695603922,0.040471026391111865,0.011709206356542148,0.0033401788131932207
0.7714470431558875,0.17331012092224093,0.04022110686724738,0.01184888692193054,0.003172842132693784
0.7715697603702003,0.17302082086511245,0.040120090645673394,0.012087690747772634,0.0032016373712412437
0.7715715636837304,0.17300198169855205,0.04011632326535127,0.012105984446623853,0.0032041469057422826
0.7715882485212404,0.1729737366484525,0.04011496358213861,0.012130754731842356,0.0031922965163261223
0.7716951374525003,0.17287224790754174,0.04014121454976675,0.01219338382988743,0.003098016260303904
0.7717297877201295,0.17284107466098622,0.040163301390338364,0.012193221331038314,0.0030726148975077825
0.7717069474550161,0.17286053979927127,0.04013890613788057,0.012219084032573123,0.0030745225752588693
0.7717145729792255,0.17284259942916722,0.040171710809148206,0.01217025880222642,0.0031008579802326627
0.7716822255906706,0.17281429330197717,0.04024394613681577,0.012075381566036906,0.003184153404499591
0.7716926780753021,0.17281838706715727,0.04021995087043917,0.012098654074182091,0.003170329912919619
0.7716950854645498,0.17281401446497535,0.0401692974132854,0.012129131589218313,0.0031924710679711384
0.7716605836871101,0.17284843249183346,0.04032471519791267,0.012115929025920147,0.0030503395972236234
0.7714044457450764,0.17289635336111286,0.04055040863908295,0.012224739945247953,0.002924052309479783
0.7716613480466132,0.17286365675930473,0.04042005945572162,0.012126003911537704,0.0029289318268227475
0.77240639000755,0.17269836311418932,0.04009011038854638,0.011941014209090578,0.0028641222806235754
0.7728242252282189,0.17252863478239863,0.03991513843102017,0.011938820857643367,0.002793180700718954
0.7729963067697377,0.17242858883373924,0.03985436469665831,0.01197759452100586,0.0027431451788588112
0.7731148679466808,0.17233148708747148,0.03981889555144077,0.012022995266294616,0.002711754148112435
0.7730508925893983,0.17240623947323053,0.03983560494057438,0.011995644679832867,0.0027116183169637476
0.772731045798565,0.17280407954816415,0.03989511537827394,0.011932702285432946,0.0026370569895638146
0.7724627035070303,0.17308718821292668,0.03992269114409723,0.011944538281745876,0.0025828788542000495
0.7726520990959321,0.17290785052982854,0.03991613877300131,0.011921382950781044,0.002602528650456908
0.7726912675085932,0.17287401951576278,0.039916886370353816,0.011916449495092764,0.002601377110197466
0.77204561716768,0.17336005306401667,0.03988891033307959,0.01200657074797386,0.0026988486872499546
0.7715724589306753,0.17371032068243675,0.039863772728331644,0.01208316976089814,0.0027702778976581724
0.7714500777350898,0.17381847244619716,0.039855389991554205,0.012104518424961361,0.0027715414021975597
0.7713527387593754,0.17392552517060134,0.0398464114065874,0.012120762342406577,0.0027545623210292326
0.7715070382621496,0.17373608779964178,0.03986523580578761,0.012102688885628475,0.002788949246792619
0.7720359175252077,0.17307128099464933,0.03995035383948382,0.012090687187932582,0.002851760452726607
0.7726417433817492,0.17230286893460392,0.04007658116433721,0.01214104407691919,0.0028377624423904044
0.7729438214710485,0.17191651119188422,0.04015326221240091,0.012187919420401858,0.0027984857042645953
0.7730649768154264,0.17175686376581734,0.04018939127567691,0.012210186355310595,0.0027785817877687283
0.7734820430906845,0.17111807537928383,0.04035018424539175,0.012308049172181193,0.0027416481124585873
0.7738138740001019,0.17044287666209312,0.04053891878879943,0.01242889385158355,0.002775436697421856
0.7735257517074816,0.17106451011291005,0.04034740839201932,0.012324196770290272,0.002738133017298761
0.7727997317050099,0.17223671252626446,0.039956346448214546,0.012210567919531953,0.0027966414009790814
0.7725492404376111,0.17259510957788762,0.039829344178253075,0.01219690641008563,0.0028293993961626906
0.7725111069949512,0.1726627129122797,0.039804244331814384,0.012194058822465768,0.002827876938488925
0.7723077376595925,0.17309513304109136,0.03963479590184392,0.012178346035619785,0.0027839873618525288
0.772272636531327,0.17316401579285717,0.039605051308965675,0.012179216007610506,0.0027790803592396005
0.7724225788316739,0.17283771819853835,0.039772296424430066,0.01215816554836278,0.0028092409969950284
0.7724728619479524,0.1727172976283113,0.039855525509750966,0.012124617456832442,0.00282969745715297
0.7725084418916119,0.17269392713259146,0.039894608007803686,0.01207294167092614,0.002830081297066906
0.7726074763872104,0.1728048928582711,0.039965430713607974,0.011810225671466121,0.002811974369444542
0.7725651051887286,0.173188393240424,0.03996412323455861,0.011443749398310941,0.0028386289379778414
0.7725085387291875,0.17338405556942751,0.03992510736705589,0.011340589543971569,0.0028417087903578444
0.7726016746520731,0.17283415964502316,0.04010461729135775,0.011525222822242033,0.0029343255893040203
0.7727073458480768,0.17212362081836732,0.04041013395146883,0.011665572922795919,0.0030933264592913397
0.772825678399834,0.17179803605157215,0.04058120861321932,0.011675107875426537,0.0031199690599481144
0.7730157509960027,0.1715056955575872,0.04075779986677413,0.011633185472080703,0.0030875681075550622
0.773680022935023,0.1706366518172748,0.04131504970057909,0.011420345496544335,0.002947930050578755
0.7743997192504253,0.16957688488933803,0.04198373565388034,0.011153682898972705,0.0028859773073835085
0.7744104398187626,0.1695585416006774,0.04199459532877888,0.011149729514445123,0.0028866937373361145
0.7743216049776147,0.1697166196712116,0.04190930745036429,0.011175312557993143,0.00287715534281638
0.7745233579286327,0.1693624318081261,0.0420784915846973,0.011144424970936005,0.0028912937076077555
0.7743089907939628,0.169706135341925,0.041939260615649364,0.01115233171553447,0.0028932815329283613
0.7736850827956884,0.17055067102796853,0.041671514022605466,0.011150169232262254,0.002942562921475466
0.773666854448233,0.17057226927213745,0.041666950381261704,0.011150067308663403,0.002943858589704464
0.7742652704031745,0.16990776699564084,0.04172762216969629,0.01115437659078799,0.0029449638407003987
0.7740585530136184,0.170116830500829,0.04173665615812084,0.011153455218925853,0.0029345051085058423
0.6999768939186252,0.18923978523942822,0.08407436905617888,0.02098388730952452,0.005725064476243041
0.7058953718201421,0.18466754170111893,0.08215943823827776,0.022173230945631922,0.0051044172948293215
0.7117069771191527,0.18043370804581385,0.08043082911548446,0.022694376003705313,0.004734109715843724
0.7179519635196432,0.17651128728098855,0.07884977440401476,0.022365960974407222,0.004321013820946155
0.7252374907744987,0.17233121261037604,0.07721199106705894,0.02128840389397915,0.003930901654087301
0.7333329019721752,0.1674445445265328,0.07542078690044382,0.01978557838084395,0.00401618822000439
0.7407791083940571,0.16238011272953087,0.07372272525288125,0.01847849334260118,0.0046395602809294586
0.7472933779575092,0.15774342373339395,0.07229339534008304,0.0175917493294679,0.00507805363954587
0.7541554373165091,0.15299455637942405,0.07095015796408485,0.01698029642210495,0.0049195519178770785
0.7616564784060669,0.14778654642315883,0.06962694514141282,0.016653214079032076,0.004276815950329471
0.7688566750456071,0.14245041782555168,0.06842371339879094,0.016572581692326997,0.0036966120377234634
0.7749876049623133,0.13757436075422613,0.06743155184834453,0.016495957586878513,0.00351052484823749
0.7806717800483464,0.13290227584494824,0.06655342958686172,0.0162446517879471,0.0036278627318965698
0.7857567018082968,0.12882658645426778,0.06582908712890886,0.015827151796839925,0.0037604728116865504
0.7896443100582481,0.12604561348849977,0.06533082765184665,0.015370761887945965,0.0036084869134594736
0.7939562123273619,0.12321245883588752,0.06478393371359907,0.014808483798911518,0.003238911324239949
0.798445992472376,0.12004246855064359,0.06411240125482504,0.014329378617696351,0.0030697591044589706
0.8018629126702725,0.11720804149572003,0.06345379346111847,0.01414826471398253,0.003326987658906384
0.8044770553661069,0.11489555580539705,0.06287072068090949,0.014138949661447173,0.0036177184861393937
0.8068056016022048,0.11308765458577541,0.06238463241581704,0.014128942231638712,0.0035931691645640666
0.8096220824630006,0.11126657756061996,0.06187430597029151,0.014020398860611618,0.003216635145476239
0.812378724081889,0.10961208202708964,0.061399309618025526,0.013795852461778939,0.0028140318112168544
0.8141477214017617,0.10850877251372187,0.06106930345391302,0.0135462756338496,0.002727926996753785
0.8154681817432816,0.1075825965350876,0.06077651223978169,0.01328599354423367,0.002886715937615531
0.8164386174530907,0.10679671202214945,0.060519081025920955,0.013110661517704746,0.003134927981134147
0.8167384743298737,0.10656908194391568,0.060441350463829445,0.013091955107503914,0.003159138154877276
0.816856380290754,0.10650022244191852,0.06041579307476167,0.013099277771756844,0.0031283264208089947
0.8173855908106911,0.10619208658849057,0.060292498131329225,0.013227779517197398,0.002902044952291812
0.8176776200049674,0.10584383164289385,0.060149795628617525,0.013503234760858669,0.002825517962662399
0.8176497293664019,0.1056886144265475,0.06008401569270494,0.0136542754028899,0.002923365111455654
0.8176469677545954,0.10567982305820295,0.060079638712353695,0.013660429486677004,0.0029331409881708332
0.8177147166504231,0.10564161668686915,0.06004764545906869,0.01361550239775477,0.002980518805884264
0.8178364290548324,0.10573130356891576,0.060060556316619794,0.013345056652672702,0.0030266544069593726
0.817708336050479,0.10595165573950008,0.06015280468072755,0.01309921978404826,0.0030879837452451684
0.8174819554330179,0.10625263818986658,0.06028237750666612,0.01291424313126181,0.003068785739187485
0.8169334466757042,0.10682277339015875,0.06052462405362525,0.012762244368939633,0.0029569115115721596
0.8161559151600943,0.10744219771308111,0.06078051990867886,0.012752931436172735,0.002868435781972967
0.8157193075218487,0.1078040322022681,0.06091268594066287,0.012752813431699565,0.002811160903520578
0.815341297686624,0.10817105053061794,0.06102284675407529,0.012710907347432488,0.002753897681250221
0.8147879176568077,0.10870226010428936,0.06115217779358418,0.01261299026117875,0.00274465418413996
0.8144589132143593,0.10900897017613663,0.061210581012292355,0.01255059791488279,0.002770937682328842
0.8144838504441199,0.10898224261851125,0.06120701099065127,0.012556133774796282,0.0027707621719213747
0.814466613386566,0.10900323422940507,0.06120868745715463,0.012552835841317224,0.002768629085557073
0.8143485582750104,0.10913077767291707,0.06121302031673553,0.012548538848097469,0.0027591048872396425
0.8141946356418431,0.10926421298411321,0.061212764468270744,0.012563311802636173,0.0027650751031367605
0.8138421343521912,0.10952877054016032,0.06120849447686447,0.012621502433611122,0.002799098197172885
0.8134895384201664,0.10979532560449873,0.06120812896953044,0.012686822728603943,0.002820184277200525
0.8132895258754864,0.1099747145528663,0.0612136713343724,0.012715587249560834,0.002806500987713911
0.8128360484269703,0.11043915450426182,0.06124530202503223,0.012735293533531231,0.002744201510204358
0.8121468675376735,0.11107326883857822,0.06131149781659268,0.01271814802625901,0.0027502177808965736
0.8113665742453553,0.11167198873042943,0.061392126739265945,0.01269746592736614,0.002871844357583124
0.8107482666878477,0.11212112082148061,0.06146147161335278,0.012700099207030913,0.002969041670287907
0.8106250434182489,0.11222782940177108,0.06147765450573374,0.012704109649610522,0.0029653630246358337
0.8104102483106634,0.11247263744221557,0.061507467924086824,0.0127169804680768,0.002892665854957366
0.8099313236089847,0.11301074834671664,0.06154443110804642,0.012764059669938972,0.002749437266313181
0.809359535930835,0.11352909283936437,0.06153828675610221,0.012810608391520461,0.0027624760821780233
0.8089738005930749,0.11387251822959404,0.06149787116057938,0.012800260340663068,0.0028555496760885833
0.8087586567450169,0.11415138241829889,0.06143307011221747,0.012729612185353699,0.0029272785391129697
0.8083964215809336,0.11492423162386138,0.061170694164945395,0.012435826032863733,0.003072826597395596
0.8078735741108187,0.11592782763548289,0.06072881403169744,0.012169448613463781,0.0033003356085371848
0.8075852122027927,0.11653328375640332,0.06039912943396157,0.01214949681792185,0.0033328777889208004
0.8075036141175952,0.11703802952717025,0.06006476287242848,0.012252860882122688,0.0031407326006834503
0.8074393056901621,0.11756326074294811,0.059623798740046016,0.012542267413815198,0.00283136741302865
0.8073871678817374,0.11775108538663866,0.059404941102654436,0.012710509115986883,0.002746296512982703
0.8073353193885702,0.11765174424447342,0.05957854866607279,0.012644254990008118,0.0027901327108755918
0.8071732383824467,0.11760244017228577,0.059729790621224244,0.012673705239250483,0.0028208255847929566
0.8073415984265514,0.11760648464753981,0.05960634391091111,0.012605162755373872,0.002840410259623808
0.8073766676542374,0.11759837824054659,0.05958328324128958,0.012588104178357123,0.0028535666855693336
0.8072413672355877,0.11764989828237842,0.059642066791183404,0.012642924282074537,0.0028237434087758817
0.8074624436883692,0.11753633668104549,0.05958317326278114,0.012584597732138861,0.002833448635665415
0.8078105179538493,0.11726508169606081,0.05953616678333763,0.012560623751821343,0.0028276098149310315
0.8078552409684625,0.11722072791934392,0.05953727281703003,0.01256483985083687,0.002821918444326682
0.807713322628691,0.11735918703346643,0.05951759958498068,0.012552467871125635,0.0028574228817361876
0.8079079650533187,0.11715120771811559,0.05956127803544182,0.012561945402119808,0.002817603791004114
0.8080991334729215,0.11688380117863945,0.05962560407859056,0.012566614681525532,0.00282484658832279
0.8076832854754258,0.1175017724367498,0.059476084763056575,0.012597876556432453,0.00274098076833548
0.80691264074474,0.11842706930033078,0.05926858277028911,0.012726186868670945,0.0026655203159692427
0.8069231548700276,0.1184155657385444,0.05927086627024451,0.012724545059883949,0.0026658680612995323
0.8075744788372529,0.11762895600348262,0.059406386676024985,0.012688944679575095,0.0027012338036643637
0.8080722687466552,0.11697008348160322,0.0595033825917101,0.01273244975745915,0.0027218154225722904
0.8082327532094747,0.11677136029786163,0.05952747438812581,0.012756595243045553,0.0027118168614921933
0.8085203553619493,0.11644984980105699,0.0595573747365114,0.01279494560512611,0.0026774744953560973
0.8088183263399449,0.11612595962844154,0.05957786385667462,0.012821301858462876,0.002656548316475995
0.8086155917704227,0.11634158736522272,0.05957068358985049,0.012818116079641924,0.0026540211948620843
0.8087054815823422,0.11624848086206256,0.05957159105147258,0.012814441040212983,0.0026600054639097674
0.8094998223548107,0.11537497542877417,0.05957379595199452,0.012798567468582918,0.0027528387958376827
0.8098493902246109,0.1149591509025803,0.05957833662746471,0.012822265436791574,0.0027908568085526168
0.8094999472709602,0.11535104009492338,0.059567540438737,0.012778033171424782,0.0028034390239545454
0.809350688492042,0.11550490563344479,0.059559300428678165,0.012756686491435078,0.0028284189544000205
0.8092933320074532,0.11556532151684443,0.059553745136043126,0.012748413117334155,0.0028391882223251018
0.8089984452633744,0.11589042526702285,0.05950815072578079,0.012728974494311904,0.0028740042495101342
0.8088407349436788,0.11607070839264534,0.059471869038749674,0.012747963602935333,0.002868724021990791
0.8088813132107956,0.11601850104068066,0.05948675615635887,0.0127314393801879,0.0028819902119768784
0.8090045192590528,0.11582158615381351,0.05956857823087306,0.01262458009212115,0.0029807362641395504
0.8090852815156904,0.11569220826089067,0.05965562879273426,0.012514994798857995,0.0030518866318266567
0.8090852815156904,0.11569220826089067,0.05965562879273427,0.012514994798857995,0.003051886631826657
0.8091417923564477,0.11570779988052263,0.05969371089603508,0.012465975839840509,0.002990721027154083
0.8091542239777672,0.11576428443122741,0.05971122951629706,0.012436682360827286,0.0029335797138811946
0.8092785241398077,0.11542011716888458,0.05976322520797221,0.012505765373087466,0.003032368110247999
0.8095678075004111,0.11462341378477724,0.06009097750295003,0.012643207992809175,0.003074593219052388
0.8098440378648547,0.11388656520712151,0.06051693650026328,0.012726730521440377,0.0030257299063202758
0.8100916349470346,0.11340267214169125,0.06085069206218134,0.012713423610040282,0.0029415772390524527
0.8104896317190833,0.11275626508446558,0.061339387164672396,0.01259842136625575,0.002816294665523099
0.8109010166394992,0.1120793211047507,0.061865040883879424,0.012408149155682521,0.002746472216188154
0.8105701757049576,0.1126193334926273,0.061457252906724116,0.012600320838795932,0.0027529170568950287
0.8098647397096107,0.11369840455891518,0.06070447484885328,0.013019971226594016,0.002712409656026755
0.8095105773701843,0.11425855451024598,0.06036128240315019,0.013203317700205238,0.0026662680162142095
0.809059620984698,0.11500856433836107,0.05997709303345662,0.013348813313409438,0.0026059083300749553
0.808007847013445,0.11658429532168928,0.0593472659961483,0.013436366109813927,0.0026242255589036347
0.8062930755947699,0.11871031056932362,0.05877763196402929,0.0133320499459349,0.0028869319259421642
0.8048901686875857,0.12027606146219731,0.05860056340997801,0.013148480638290768,0.0030847258019483788
0.8037900888527162,0.12148447485354172,0.0586697298709824,0.012963144992126476,0.0030925614306333464
0.8020358117726435,0.12325164934717647,0.05908973748295476,0.012695966371724553,0.002926835025500637
0.8001030268832398,0.12483632129205495,0.059773181594955364,0.012487963014889223,0.002799507214860752
0.7979580952856702,0.12625313326480567,0.060682920055950405,0.012303364385043673,0.0028024870085300276
0.7942202999881794,0.1283414786448785,0.06250608656925531,0.011994486177076474,0.0029376486206103667
0.7896934873129192,0.13061975776636794,0.06504764270477166,0.011602094889629202,0.0030370173263119297
0.7856359264053789,0.13253949722828073,0.06764524290122345,0.011209946846203207,0.002969386618913694
0.7818318665037353,0.13416534928905263,0.07023599583954111,0.010858898162851401,0.0029078902048197746
0.7774347401163336,0.13569740657405144,0.07310156995592389,0.010663652623506275,0.003102630730184837
0.7732806740612505,0.1368356162864791,0.0755859214284243,0.010849196226630534,0.0034485919972155775
0.7702466980055143,0.13755008844078734,0.07732798187769803,0.011355555757435652,0.003519675918564751
0.7654648597531315,0.13855003846406466,0.07996224009841892,0.012971341095420716,0.0030515205889641997
0.757757576809153,0.13968311030446623,0.08343046482477731,0.016881065916607093,0.002247782144996269
0.7154815503296166,0.20424807862735012,0.05784414208651319,0.017276898265107084,0.005149330691413076
0.722188538597461,0.20067648793761683,0.05554381078117576,0.017144658003683453,0.00444650468006299
0.7287461060914013,0.1969084114931082,0.05328223120204891,0.016772393759460776,0.004290857453980821
0.7349612113190467,0.1930805604441214,0.0511633885661603,0.016241487667558105,0.004553352003113438
0.7402113751223637,0.18984939917488936,0.049493432258758685,0.01567332524980372,0.00477246819418473
0.7451339945054802,0.18697954740926584,0.04809397446219732,0.015070179575182523,0.004722304047873954
0.7508028995051506,0.1836620061387141,0.046620723158332156,0.014433860521797891,0.004480510676005423
0.7562355552999435,0.18025037595062704,0.04530570912402515,0.014000105874716163,0.004208253750688077
0.7610922796689736,0.17696635559981921,0.044239659264113045,0.013782205664934872,0.0039194998021592105
0.7658776740978248,0.17342054571785773,0.043312764399225684,0.013709193988412341,0.0036798217966795754
0.7703570918020508,0.1695767502768813,0.042563178998559575,0.013760393332351526,0.0037425855901567356
0.773715748998996,0.166274925063159,0.04212389442374287,0.013820156189581264,0.0040652753245207585
0.7759080939064853,0.16414792769648043,0.041950346237346996,0.013768132877112168,0.004225499282575241
0.7783059398765464,0.1620766527629594,0.04187780697453553,0.013594420163277391,0.004145180222681207
0.7812528405542337,0.15966673836129802,0.041907981405095246,0.013339014608322543,0.0038334250710502856
0.7839075752182756,0.15736922770047812,0.04203420521913634,0.013139559066976886,0.0035494327951330314
0.7858068881988252,0.15550249357179005,0.042192837018042086,0.013024761692321793,0.003473019519020949
0.7869930094289835,0.15420667484205242,0.04232552721513812,0.0129428475641982,0.0035319409496277444
0.7880550547956247,0.15302809798879397,0.042459067510212375,0.012831093122931432,0.003626686582437508
0.7889740897664099,0.15209455035535832,0.04257264943519632,0.012694179417805629,0.0036645310252298364
0.7899652617408431,0.1512093283852721,0.042683375416628,0.012516130489241628,0.003625903968015001
0.7913340878112775,0.1499713793690594,0.04283596108047269,0.012283436867481764,0.0035751348717087466
0.7922327251359618,0.1489817615576966,0.04294798411920981,0.012202527976635917,0.0036350012104958526
0.7925776610147519,0.14855555895460199,0.04298409871095523,0.012223516283943999,0.0036591650357468727
0.792871344058693,0.14822841253962055,0.04299503537091522,0.012291805105599896,0.00361340292517141
0.7931987012261671,0.1478714996700991,0.04298013959635945,0.012462182046376613,0.0034874774609977535
0.7933409313717581,0.14766879462083712,0.04294576622804227,0.012630463015191279,0.0034140447641712486
0.7933147859299481,0.14770542498585823,0.0429646245405559,0.01259257275221551,0.0034225917914223283
0.7930756614472924,0.14775873611422338,0.043123098221165335,0.01259599421028464,0.0034465100070341747
0.7928364431699857,0.1477078083595916,0.04327102093848843,0.012748468569672919,0.0034362589622613494
0.7928468954655752,0.14771407888896154,0.043261714060104865,0.012736621836460687,0.003440689748897651
0.7928818567622736,0.1477827607794495,0.04318971104963101,0.012659702515692895,0.0034859688929529745
0.7928859705587242,0.1478946636454444,0.04310536356436491,0.012608240651510276,0.003505761579956176
0.792813836248518,0.14814064211307088,0.04297094041525172,0.012617060508962656,0.003457520714196838
0.7925664138924465,0.14847334323916603,0.04283888743803778,0.01273935525658628,0.0033820001737635327
0.7925211841994378,0.14851837183252714,0.04282607502563387,0.012757956143357294,0.003376412799043932
0.7927289740356981,0.14827715257730464,0.04287613870014047,0.012718849778126949,0.0033988849087297204
0.7927004612456221,0.14831540851343433,0.04287050945212154,0.012714578148742144,0.003399042640079793
0.792402080282804,0.14864934410604588,0.04284334624328078,0.012636019995324257,0.0034692093725449996
0.7922882500642267,0.14876629252651347,0.042841428301496835,0.01260740343479964,0.0034966256729633645
0.7922882500642267,0.14876629252651352,0.04284142830149684,0.012607403434799644,0.003496625672963363
0.7921096158006027,0.14899342257091722,0.042858568331970055,0.012599395844867222,0.003438997451642738
0.7918975286099205,0.14919576543759502,0.04288104354691939,0.012633983359105002,0.0033916790464601386
0.7919142516495287,0.1491841909498835,0.04287951783742452,0.012630238571579045,0.0033918009915842855
0.7918853110756929,0.14920069602296804,0.042881915703914926,0.012636182868942483,0.0033958943284817505
0.7918186201862153,0.14923886485104984,0.04288823558662143,0.012646782063497427,0.003407497312616059
0.7917327721919581,0.14930140171294123,0.04290019962019982,0.012653845545063781,0.003411780929837061
0.7912766529900439,0.14973306197587224,0.04299921370588874,0.01265019211079984,0.003340879217395335
0.7906750934276723,0.15029124473036104,0.0431561775685847,0.012629370533462782,0.003248113739919145
0.7904902888754525,0.15044548633642565,0.043204996238736186,0.012618950111772845,0.0032402784376127755
0.7906155611118346,0.1503389556839158,0.043171503772052644,0.012634820049697695,0.0032391593824992355
0.7906155611118345,0.1503389556839158,0.04317150377205264,0.012634820049697695,0.0032391593824992355
0.790395206870447,0.15052568504186425,0.04322369376291422,0.012604776532729319,0.0032506377920453323
0.7901350718515621,0.15073232506126877,0.04327804901384648,0.012591647730841354,0.0032629063424814485
0.7900865240635687,0.15077304715142648,0.043287269047533064,0.012591218280176519,0.00326194145729508
0.7900865240635687,0.15077304715142648,0.04328726904753306,0.012591218280176515,0.0032619414572950785
0.7900002807516938,0.15086162699283492,0.0432956330855722,0.01258342970839722,0.0032590294615016846
0.7900471849441598,0.15080908236196006,0.04329525023184885,0.01259133082684358,0.003257151635187851
0.7901776898783034,0.1505862871431307,0.04331761543371163,0.01264458075429814,0.0032738267905561558
0.7902239527211152,0.15041888985451218,0.04335459248411055,0.01269238006296105,0.0033101848773008625
0.7902530532634549,0.15029424090039373,0.04340052967443744,0.012722946716989135,0.003329229444724883
0.7903057022756269,0.15017905615253713,0.04346647507051649,0.012738126432030678,0.0033106400692885702
0.7904258200962712,0.14998419036716293,0.043628669244823406,0.012739112048363475,0.0032222082433790013
0.7904706507292167,0.149707834974766,0.043927041695136226,0.012734810182608261,0.0031596624182728275
0.7904250226891497,0.14962656048605055,0.04403293819247348,0.012730683840208182,0.0031847947921180165
0.7904443885931568,0.14964711898380761,0.04399825276867137,0.01273757891981549,0.003172660734548639
0.7904198839964804,0.14962783253240017,0.04405175417716372,0.012718643677894046,0.0031818856160616012
0.7904125846135984,0.14962635704226754,0.04407610140875427,0.012707642586273693,0.0031773143491060406
0.7904118942477478,0.14962792292323093,0.04408070291258157,0.012704939001231109,0.0031745409152085157
0.7903475984213939,0.14970754224885893,0.0441731720762845,0.012644046765474405,0.003127640487988204
0.7900693032682139,0.14987228788115223,0.044273465161821755,0.012595024085780908,0.0031899196030311795
0.7900389392582521,0.14989017695060813,0.04427818540070679,0.012592911583094309,0.003199786807338662
0.7901628533181464,0.14976909794607599,0.044272049770091415,0.012609770299459228,0.003186228666226973
0.7900956900695193,0.14987162895183298,0.04426640033228558,0.012598065778257528,0.003168214868104694
0.7897667029634491,0.1503010674227508,0.044220070672443906,0.012601269042049116,0.0031108898993072523
0.7893388647402007,0.15070850371577071,0.04416339497206937,0.012662275756190175,0.003126960815769178
0.789183155425095,0.150841454599928,0.0441426379781197,0.01269259204605442,0.00314015995080295
0.7889270071749181,0.15106930976194857,0.0441071335081739,0.012749419939708271,0.0031471296152510413
0.7884603328155875,0.15150587833798942,0.04404542257734708,0.012859920127700411,0.003128446141375465
0.7881551323217852,0.15180158482551184,0.044008704235954606,0.01292694783847513,0.0031076307782732034
0.7881326812901684,0.15182425063465554,0.044006155788896835,0.012930482071808283,0.003106430214470761
0.7882463902378508,0.15170427798169772,0.04401894028188267,0.01292360650040015,0.0031067849981687673
0.7883142611747824,0.15162891499543132,0.04402671473365053,0.012926804564648203,0.0031033045314875734
0.7881606304557377,0.1518114918328534,0.04400866586204233,0.012904888500551298,0.003114323348815322
0.7877090505866503,0.15238823682564637,0.04395518048927997,0.012811448040292649,0.003136084058130697
0.786949845222109,0.15339447984821616,0.0438680170078228,0.012643159444510851,0.003144498477341262
0.7862369270311924,0.15434454381518095,0.04378713764459162,0.01249851220577072,0.0031328793032642903
0.7859568248786771,0.15473308433110908,0.04375042465155738,0.012442596619279012,0.003117069519377436
0.7855559481563341,0.15530495935938943,0.04368485996369091,0.0123669760194628,0.003087256501122717
0.7850681252690165,0.15595517059690023,0.04359180284437517,0.012307093062122245,0.0030778082275857823
0.7850860628625113,0.15593245927098526,0.04359598641147602,0.012308129755989236,0.003077361699038074
0.7851906600752143,0.1557982626707787,0.04362804772905963,0.012308801518159584,0.0030742280067878078
0.7851404052567182,0.1558618231755985,0.043608862753062326,0.012312564636435566,0.0030763441781854503
0.7849556483044778,0.15608400777611592,0.043527452084366224,0.01234900602118865,0.003083885813851465
0.7849015007093235,0.1561521666567635,0.043498330741790416,0.01236817494061275,0.0030798269515097594
0.7849615272069549,0.15604905668588603,0.043549255105053156,0.012332080539410886,0.003108080462694936
0.7849298217273526,0.15610901654577403,0.04351184271275126,0.012360164178700875,0.003089154835421305
0.7848829655792368,0.15612582993565605,0.04348553963831751,0.012391479873779315,0.003114184973010417
0.7849260606572349,0.1561786868050726,0.0434879193487815,0.012359871833252982,0.003047461355658053
0.7848670289383488,0.1563415199327116,0.043438044749051094,0.012337267426022001,0.003016138953866515
0.7848596672169785,0.15635206204665386,0.04343338125609506,0.012336377408587243,0.0030185120716852277
0.7849928081883963,0.15612952077037867,0.04354502911135105,0.012361906166224576,0.002970735763649299
0.7847705189711447,0.15658249604566132,0.04331092922450619,0.012326237958705358,0.0030098177999824515
0.7838787654778901,0.15814395056588387,0.042510651247609034,0.012406404430133019,0.0030602282784839337
0.7829587049811628,0.15946978150202315,0.04184874796979683,0.012653786409641685,0.003068979137375514
0.7823316672555309,0.16031903422946742,0.041442808617034296,0.012871842208638944,0.003034647689328344
0.7815881366241377,0.16130353496465114,0.04100304201167274,0.013138711309457363,0.002966575090080835
0.7812654706759778,0.16172954097008893,0.04083067120356011,0.013238354535526816,0.002935962614846333
0.7818763338252914,0.1608755397817476,0.041133813477081636,0.01312035298217698,0.0029939599337022445
0.7823478979052443,0.16019993536295848,0.041336153678233685,0.013105638677234289,0.0030103743763293857
0.7815133012446219,0.16124812182382067,0.041093615682935784,0.01304502931303291,0.003099931935588633
0.7801178021649037,0.16273447092577964,0.04088361755360647,0.012912813720019031,0.003351295635691085
0.7793161325632126,0.1635602733973489,0.04085844207779032,0.012830975358079219,0.0034341766035690213
0.778349455074398,0.16461230957669906,0.04095483973744198,0.012723561232643501,0.003359834378817408
0.7764739808383058,0.166570992052247,0.04139194979092656,0.012532836003513287,0.0030302413150073673
0.7744548987334197,0.16831922828505985,0.042035832676451994,0.012349211564466663,0.002840828740601875
0.773956580896743,0.16867883273436782,0.04222345787007592,0.012290324069587138,0.002850804429226238
0.7741465700719711,0.16855248289419447,0.04213866016700602,0.01232445506041095,0.0028378318064175654
0.7728044619268457,0.1694056108287532,0.042840748184251515,0.012028685895224584,0.0029204931649249996
0.7698567971388123,0.1710692052699136,0.04450579277042502,0.011512261807000426,0.003055943013848696
0.7664390205176173,0.17263273305493138,0.0464138502863755,0.011335696313353445,0.0031786998277223842
0.7625071655371916,0.17400745975874457,0.048470776987200634,0.011759354107442698,0.003255243609420325
0.7570290087990229,0.17538064135722886,0.051058092043671545,0.013281593228798244,0.0032506645712783813
0.7518662192325292,0.17627678516366363,0.053248912676468925,0.01551705184478589,0.0030910310825524637
0.7441425724809076,0.2173491233896023,0.030024350864436423,0.0069614808422838615,0.0015224724227697031
0.74620671238702,0.2157770807153795,0.02966835504759537,0.006761019833659347,0.0015868320163456653
0.7496695392970213,0.21282754419468186,0.02914645098819713,0.006506540177110427,0.001849925342989128
0.753455913075203,0.20923622173945178,0.02871497442639965,0.0064386005708596955,0.002154290188085983
0.7563514808833061,0.2064325563076274,0.028530760201930492,0.006513533357488515,0.0021716692496473477
0.7600986665715401,0.2027841310388564,0.028490114163274374,0.0067002667735563326,0.0019268214527728576
0.7641558095640044,0.19842963998496582,0.028692935176515055,0.007028211716758888,0.0016934035577556438
0.7672030713078729,0.19471861669012847,0.02906621201300224,0.007337838933573756,0.0016742610554228532
0.7694970278656028,0.19175187845838929,0.029506761172471706,0.007534772229574896,0.0017095602739612332
0.7713003180020948,0.1894370979909275,0.029949097118359125,0.007612255043075191,0.0017012318455434155
0.772878287297203,0.18745042392312447,0.03040048300949949,0.007606222439850217,0.0016645833303228072
0.7739327850953865,0.1861470787921279,0.03073213792949314,0.00755258726540543,0.0016354109175869067
0.7741531777903097,0.1858946084886836,0.030800355576228833,0.0075281692423309066,0.0016236889024468955
0.7741080679855457,0.18594069116259118,0.030787789958134387,0.007535946029359186,0.0016275048643696166
0.7745744661605252,0.18547855712324163,0.03090875000977942,0.007435509890251195,0.0016027168162027134
0.7751389743253893,0.18486366047966551,0.031055641009603372,0.007302418947013376,0.0016393052383285602
0.7755508187375213,0.1843580774885305,0.03116047201627782,0.007211283207421256,0.0017193485502491961
0.7760694720062435,0.18368480492619815,0.031276548603171986,0.007142186548255654,0.001826987916130573
0.7765195492939968,0.1831273174644117,0.031350426003552055,0.00715826284434837,0.0018444443936911688
0.7767201877622304,0.18292608875989683,0.03136322093566203,0.0071951541302907405,0.0017953484119199983
0.7769202115238008,0.18276552754023326,0.03134997582997179,0.007252274497749093,0.0017120106082451725
0.7770678487920739,0.18264326105740067,0.031301123638990326,0.007324878230604248,0.001662888280930744
0.7770505354551915,0.1826565933390054,0.031322584390631084,0.007312526014356418,0.0016577608008154982
0.7769401905427272,0.18260543778156493,0.03150778404344891,0.007335806093212444,0.001610781539046508
0.7768587998071608,0.182506876901723,0.031635244269590565,0.007398069560889779,0.0016010094606358897
0.7768976789950031,0.18274967648454343,0.03140553663534569,0.007299992616532316,0.0016471152685754319
0.7767577169018738,0.1830789975825839,0.03115224165761412,0.007275115191758524,0.0017359286661698294
0.7768026763987227,0.18298843718321617,0.031208596161788796,0.007265646949275761,0.0017346433069965299
0.7768702838940318,0.18280598095343317,0.031303810665693786,0.00724000118133025,0.001779923305511105
0.7768551869766259,0.1828383255694829,0.03128868539280291,0.007244976634273634,0.0017728254268146821
0.7770204460600669,0.18259179538491896,0.031396402698500456,0.0072144472518049065,0.001776908604708576
0.7772969793830663,0.18221554883541663,0.031548764889854856,0.007203755595129153,0.0017349512965330654
0.7770524855845093,0.18254471273750913,0.03143170829693991,0.007191553902323996,0.0017795394787176063
